1766586714017 0.002 20
1766586714715 0.002 40
1766586715422 0.002 60
1766586716124 0.002 80
1766586717003 0.002 100
1766586717997 0.002 120
1766586718974 0.002 140
1766586719885 0.002 160
1766586720742 0.002 180
1766586721522 0.002 200
1766586722485 0.002 220
1766586723466 0.002 240
1766586724466 0.002 260
1766586725362 0.002 280
1766586726188 0.002 300
1766586726925 0.002 320
1766586727681 0.002 340
1766586728667 0.002 360
1766586729594 0.002 380
1766586730455 0.002 400
1766586731330 0.002 420
1766586732108 0.002 440
1766586732823 0.002 460
1766586733656 0.002 480
1766586734540 0.002 500
1766586735449 0.002 520
1766586736405 0.002 540
1766586737290 0.002 560
1766586738193 0.002 580
1766586739097 0.002 600
1766586740010 0.002 620
1766586740920 0.002 640
1766586741878 0.002 660
1766586742820 0.002 680
1766586743747 0.002 700
1766586744614 0.002 720
1766586745509 0.002 740
1766586746467 0.002 760
1766586747373 0.002 780
1766586748256 0.001 800
1766586749152 0.001 820
1766586749952 0.001 840
1766586750884 0.001 860
1766586751806 0.001 880
1766586752732 0.001 900
1766586753658 0.001 920
1766586754540 0.001 940
1766586755386 0.001 960
1766586756282 0.001 980
1766586757195 0.001 1000
1766586758159 0.0005 1020
1766586759069 0.0005 1040
1766586759940 0.0005 1060
1766586760720 0.0005 1080
1766586761524 0.0005 1100
1766586762428 0.0005 1120
1766586763316 0.0005 1140
1766586764233 0.0005 1160
1766586765155 0.0005 1180
1766586766025 0.0005 1200
1766586766901 0.0005 1220
1766586767794 0.0005 1240
1766586768697 0.0005 1260
1766586769579 0.0005 1280
1766586770471 0.0005 1300
1766586771355 0.0005 1320
1766586772225 0.0005 1340
1766586773156 0.0005 1360
1766586774016 0.0005 1380
1766586774895 0.00025 1400
1766586775779 0.00025 1420
1766586776665 0.00025 1440
1766586777568 0.00025 1460
1766586778513 0.00025 1480
1766586779416 0.00025 1500
1766586780286 0.00025 1520
1766586781030 0.00025 1540
1766586781853 0.00025 1560
1766586782720 0.00025 1580
1766586783651 0.00025 1600
1766586784546 0.00025 1620
1766586785422 0.00025 1640
1766586786296 0.00025 1660
1766586787120 0.00025 1680
1766586787873 0.00025 1700
1766586788746 0.000125 1720
1766586789614 0.000125 1740
1766586790476 0.000125 1760
1766586791342 0.000125 1780
1766586792243 0.000125 1800
1766586793120 0.000125 1820
1766586794054 0.000125 1840
1766586794955 0.000125 1860
1766586795785 0.000125 1880
1766586796720 0.000125 1900
1766586797602 0.000125 1920
1766586798548 6.25e-05 1940
1766586799456 6.25e-05 1960
1766586800384 6.25e-05 1980
1766586801311 6.25e-05 2000
1766586802142 6.25e-05 2020
1766586802843 6.25e-05 2040
1766586803553 6.25e-05 2060
1766586804407 6.25e-05 2080
1766586805272 6.25e-05 2100
1766586806163 6.25e-05 2120
1766586807084 6.25e-05 2140
1766586807971 3.125e-05 2160
1766586808878 3.125e-05 2180
1766586809764 3.125e-05 2200
1766586810647 3.125e-05 2220
1766586811563 3.125e-05 2240
1766586812491 3.125e-05 2260
1766586813481 3.125e-05 2280
1766586814452 3.125e-05 2300
1766586815307 3.125e-05 2320
1766586816241 3.125e-05 2340
1766586817179 3.125e-05 2360
1766586818112 1.5625e-05 2380
1766586819029 1.5625e-05 2400
1766586819951 1.5625e-05 2420
1766586820856 1.5625e-05 2440
1766586821831 1.5625e-05 2460
1766586822737 1.5625e-05 2480
1766586823655 1.5625e-05 2500
