1766586705957 1.7421146631240845 1
1766586705968 1.648923635482788 2
1766586705979 1.6309576034545898 3
1766586705990 1.7466537952423096 4
1766586705997 1.163710117340088 5
1766586706005 1.6175261735916138 6
1766586706012 1.284132957458496 7
1766586706019 1.0618159770965576 8
1766586706026 1.1396000385284424 9
1766586706033 1.1197750568389893 10
1766586706040 1.2933892011642456 11
1766586706048 1.3243093490600586 12
1766586706058 1.2930586338043213 13
1766586706067 1.3033642768859863 14
1766586706074 1.2187788486480713 15
1766586706083 1.2348332405090332 16
1766586706094 1.2422621250152588 17
1766586706101 1.2257331609725952 18
1766586706109 1.2533435821533203 19
1766586706117 1.0807926654815674 20
1766586714027 1.075333595275879 21
1766586714036 1.1759921312332153 22
1766586714045 1.1077804565429688 23
1766586714054 1.3901069164276123 24
1766586714064 1.183133840560913 25
1766586714071 1.197657823562622 26
1766586714079 1.1490557193756104 27
1766586714089 1.2035109996795654 28
1766586714102 1.1237260103225708 29
1766586714114 1.131749153137207 30
1766586714121 1.3498239517211914 31
1766586714129 1.0715137720108032 32
1766586714138 1.1576660871505737 33
1766586714145 1.1390386819839478 34
1766586714157 1.03538179397583 35
1766586714166 1.0559563636779785 36
1766586714175 1.2054541110992432 37
1766586714185 1.0700511932373047 38
1766586714196 1.0705883502960205 39
1766586714206 1.055073618888855 40
1766586714723 1.1797912120819092 41
1766586714731 1.1073307991027832 42
1766586714743 1.1509984731674194 43
1766586714755 1.1775938272476196 44
1766586714766 1.0533894300460815 45
1766586714774 1.1603038311004639 46
1766586714782 1.1505357027053833 47
1766586714791 1.1188143491744995 48
1766586714802 1.0049982070922852 49
1766586714810 1.1187012195587158 50
1766586714818 1.06425142288208 51
1766586714826 1.3569591045379639 52
1766586714834 1.1076291799545288 53
1766586714843 1.1466597318649292 54
1766586714854 1.0364329814910889 55
1766586714866 1.106177568435669 56
1766586714876 1.0716280937194824 57
1766586714886 1.1109801530838013 58
1766586714896 1.3940643072128296 59
1766586714907 1.0681769847869873 60
1766586715430 1.1169438362121582 61
1766586715437 1.0911242961883545 62
1766586715449 1.0791529417037964 63
1766586715458 1.0994079113006592 64
1766586715466 1.1715425252914429 65
1766586715473 1.0392165184020996 66
1766586715482 1.1139135360717773 67
1766586715494 1.111215591430664 68
1766586715502 1.0786447525024414 69
1766586715509 1.0525288581848145 70
1766586715520 1.1174092292785645 71
1766586715531 1.0382112264633179 72
1766586715539 1.2640724182128906 73
1766586715548 1.1051691770553589 74
1766586715555 1.1175932884216309 75
1766586715563 1.1441586017608643 76
1766586715572 1.105459213256836 77
1766586715581 1.0305187702178955 78
1766586715590 0.9869101047515869 79
1766586715599 0.987819492816925 80
1766586716131 1.10883629322052 81
1766586716139 1.1136542558670044 82
1766586716147 1.3560327291488647 83
1766586716158 1.3209072351455688 84
1766586716167 1.0759221315383911 85
1766586716174 1.1241490840911865 86
1766586716182 1.2663342952728271 87
1766586716190 1.0074968338012695 88
1766586716197 1.1886940002441406 89
1766586716209 1.0450010299682617 90
1766586716217 1.1396445035934448 91
1766586716225 1.1549010276794434 92
1766586716233 1.0520410537719727 93
1766586716241 1.0608057975769043 94
1766586716252 1.0772658586502075 95
1766586716266 1.2134813070297241 96
1766586716279 1.128064751625061 97
1766586716290 1.0379383563995361 98
1766586716302 1.1302998065948486 99
1766586716315 1.1302316188812256 100
1766586717018 1.0695915222167969 101
1766586717030 1.1596274375915527 102
1766586717042 1.1837996244430542 103
1766586717057 1.8302606344223022 104
1766586717070 1.0521258115768433 105
1766586717083 1.0655674934387207 106
1766586717095 1.1772851943969727 107
1766586717108 1.1473455429077148 108
1766586717120 1.1359758377075195 109
1766586717133 1.0911246538162231 110
1766586717145 1.192398190498352 111
1766586717158 1.3609516620635986 112
1766586717171 1.0236001014709473 113
1766586717184 1.555648684501648 114
1766586717197 1.633321762084961 115
1766586717210 1.0521395206451416 116
1766586717223 1.0898869037628174 117
1766586717237 1.0804427862167358 118
1766586717250 1.0837061405181885 119
1766586717263 1.1854338645935059 120
1766586718010 1.1068098545074463 121
1766586718022 1.1778758764266968 122
1766586718035 1.2131260633468628 123
1766586718048 1.4454411268234253 124
1766586718060 1.3943512439727783 125
1766586718072 1.0600948333740234 126
1766586718085 1.0511448383331299 127
1766586718096 1.0416507720947266 128
1766586718109 1.0954418182373047 129
1766586718121 1.0914065837860107 130
1766586718133 1.0854442119598389 131
1766586718146 1.108174204826355 132
1766586718158 1.11297607421875 133
1766586718171 1.0955389738082886 134
1766586718183 1.117455005645752 135
1766586718196 1.071952223777771 136
1766586718208 1.0898298025131226 137
1766586718219 1.2917098999023438 138
1766586718232 1.0574238300323486 139
1766586718245 1.1016149520874023 140
1766586718986 1.0742778778076172 141
1766586719000 1.0888516902923584 142
1766586719014 1.1419677734375 143
1766586719026 1.0814640522003174 144
1766586719037 1.0800416469573975 145
1766586719051 1.4314719438552856 146
1766586719061 1.0855119228363037 147
1766586719069 1.2668671607971191 148
1766586719079 1.1266863346099854 149
1766586719090 1.1175085306167603 150
1766586719100 1.1189275979995728 151
1766586719110 1.042182445526123 152
1766586719120 1.081207036972046 153
1766586719130 1.038574457168579 154
1766586719143 1.0440973043441772 155
1766586719155 1.001645565032959 156
1766586719168 1.0235893726348877 157
1766586719177 1.0368905067443848 158
1766586719186 1.1179945468902588 159
1766586719196 1.1355866193771362 160
1766586719899 0.9831749796867371 161
1766586719913 1.1218299865722656 162
1766586719925 1.0828499794006348 163
1766586719938 1.0149776935577393 164
1766586719951 1.4897942543029785 165
1766586719961 1.1117603778839111 166
1766586719970 1.074488639831543 167
1766586719980 1.0636709928512573 168
1766586719990 1.0099050998687744 169
1766586719999 1.0436737537384033 170
1766586720011 1.0394068956375122 171
1766586720022 1.092383861541748 172
1766586720037 1.0293115377426147 173
1766586720050 1.235283613204956 174
1766586720064 1.1412067413330078 175
1766586720075 1.0938324928283691 176
1766586720086 1.0981709957122803 177
1766586720096 1.2444534301757812 178
1766586720106 1.0985033512115479 179
1766586720117 1.0923205614089966 180
1766586720750 1.113694667816162 181
1766586720758 1.1738595962524414 182
1766586720766 1.0513145923614502 183
1766586720776 1.0560088157653809 184
1766586720788 0.9933283925056458 185
1766586720799 1.046553134918213 186
1766586720807 1.4316147565841675 187
1766586720814 1.0844272375106812 188
1766586720823 1.169407606124878 189
1766586720830 1.0009925365447998 190
1766586720848 1.0212116241455078 191
1766586720860 1.0545552968978882 192
1766586720868 1.0240403413772583 193
1766586720877 1.0861380100250244 194
1766586720886 1.0530719757080078 195
1766586720896 1.03523588180542 196
1766586720906 1.599104881286621 197
1766586720915 1.0380654335021973 198
1766586720926 1.055934190750122 199
1766586720938 1.0521446466445923 200
1766586721535 1.0330355167388916 201
1766586721549 1.108466386795044 202
1766586721563 1.5115797519683838 203
1766586721576 1.5081965923309326 204
1766586721588 1.05300772190094 205
1766586721600 1.0773289203643799 206
1766586721614 1.1464215517044067 207
1766586721626 0.999779462814331 208
1766586721637 1.062868595123291 209
1766586721650 1.093264102935791 210
1766586721664 1.0013993978500366 211
1766586721674 1.0651192665100098 212
1766586721685 1.1225025653839111 213
1766586721696 1.044287919998169 214
1766586721705 1.1090044975280762 215
1766586721716 1.1237199306488037 216
1766586721728 1.0491716861724854 217
1766586721739 0.9998828768730164 218
1766586721750 1.044445276260376 219
1766586721762 1.075160264968872 220
1766586722498 1.0245769023895264 221
1766586722508 1.0588998794555664 222
1766586722517 1.2228970527648926 223
1766586722527 1.084094762802124 224
1766586722538 0.9828741550445557 225
1766586722547 1.0388214588165283 226
1766586722559 1.2116928100585938 227
1766586722570 1.0374300479888916 228
1766586722582 1.0855002403259277 229
1766586722596 1.0088005065917969 230
1766586722609 1.0377023220062256 231
1766586722621 1.0463051795959473 232
1766586722634 1.0004141330718994 233
1766586722646 1.0104382038116455 234
1766586722658 1.006324291229248 235
1766586722671 1.0554478168487549 236
1766586722683 1.1022834777832031 237
1766586722696 1.065880537033081 238
1766586722708 1.1040756702423096 239
1766586722721 1.0544575452804565 240
1766586723478 1.099651575088501 241
1766586723492 1.0626640319824219 242
1766586723504 1.077575445175171 243
1766586723514 1.0474201440811157 244
1766586723523 1.1043555736541748 245
1766586723533 1.0911731719970703 246
1766586723543 1.041060209274292 247
1766586723553 1.0993642807006836 248
1766586723564 1.0829291343688965 249
1766586723574 1.0568995475769043 250
1766586723586 1.5649672746658325 251
1766586723599 1.020040512084961 252
1766586723612 1.2019389867782593 253
1766586723623 0.9988000988960266 254
1766586723637 1.180684208869934 255
1766586723649 1.0666649341583252 256
1766586723661 1.1141005754470825 257
1766586723673 1.0433204174041748 258
1766586723686 0.9833112359046936 259
1766586723699 1.039222002029419 260
1766586724478 0.9865456223487854 261
1766586724490 1.112057089805603 262
1766586724503 1.0852254629135132 263
1766586724516 1.0280882120132446 264
1766586724528 1.0119340419769287 265
1766586724541 1.0153367519378662 266
1766586724552 1.0277073383331299 267
1766586724565 1.026411533355713 268
1766586724577 1.0744497776031494 269
1766586724589 1.0050621032714844 270
1766586724601 1.1419219970703125 271
1766586724613 1.039292573928833 272
1766586724625 1.2058095932006836 273
1766586724637 1.0142836570739746 274
1766586724649 1.0787988901138306 275
1766586724661 1.094765067100525 276
1766586724673 1.0708330869674683 277
1766586724685 1.0818395614624023 278
1766586724697 0.9568541646003723 279
1766586724710 1.1710633039474487 280
1766586725374 1.0049259662628174 281
1766586725388 1.049838662147522 282
1766586725401 1.103428840637207 283
1766586725413 0.9865700006484985 284
1766586725425 1.088019609451294 285
1766586725437 1.0204670429229736 286
1766586725448 0.9994822144508362 287
1766586725461 1.038616418838501 288
1766586725474 1.022714614868164 289
1766586725487 1.0663374662399292 290
1766586725499 1.02825129032135 291
1766586725511 1.0642650127410889 292
1766586725523 1.0718830823898315 293
1766586725534 0.9894625544548035 294
1766586725546 1.0427428483963013 295
1766586725558 1.0441088676452637 296
1766586725570 1.0315210819244385 297
1766586725583 1.0848286151885986 298
1766586725596 0.9843767881393433 299
1766586725608 1.001481533050537 300
1766586726196 1.1951563358306885 301
1766586726204 0.9908614158630371 302
1766586726216 1.0949777364730835 303
1766586726225 1.025214433670044 304
1766586726233 1.1126947402954102 305
1766586726243 1.0467644929885864 306
1766586726254 0.9866944551467896 307
1766586726267 1.0458539724349976 308
1766586726278 1.1459627151489258 309
1766586726290 1.0587890148162842 310
1766586726302 1.3152509927749634 311
1766586726310 1.03646981716156 312
1766586726320 1.0590605735778809 313
1766586726329 1.1168855428695679 314
1766586726340 1.2669504880905151 315
1766586726350 1.0234322547912598 316
1766586726361 1.0162172317504883 317
1766586726373 0.9838467836380005 318
1766586726385 1.0538766384124756 319
1766586726396 1.0454713106155396 320
1766586726932 1.0186877250671387 321
1766586726941 1.0313794612884521 322
1766586726950 1.0585198402404785 323
1766586726961 1.0159235000610352 324
1766586726968 0.9959056377410889 325
1766586726976 1.2017030715942383 326
1766586726984 1.1227447986602783 327
1766586726992 1.037546157836914 328
1766586727000 1.0145299434661865 329
1766586727011 1.095259428024292 330
1766586727023 1.0299134254455566 331
1766586727030 1.0444250106811523 332
1766586727038 0.9703256487846375 333
1766586727046 0.9977790117263794 334
1766586727055 1.0176801681518555 335
1766586727065 1.0241050720214844 336
1766586727076 1.051849603652954 337
1766586727087 1.0178239345550537 338
1766586727099 1.0674853324890137 339
1766586727110 1.0497229099273682 340
1766586727693 0.9716470241546631 341
1766586727705 1.0438238382339478 342
1766586727716 1.00592041015625 343
1766586727729 1.1025032997131348 344
1766586727741 1.1404366493225098 345
1766586727753 1.0136480331420898 346
1766586727765 1.050403118133545 347
1766586727778 1.0512326955795288 348
1766586727790 1.0870014429092407 349
1766586727802 1.0344427824020386 350
1766586727815 1.0344758033752441 351
1766586727828 1.0225597620010376 352
1766586727840 1.0328819751739502 353
1766586727853 1.004326581954956 354
1766586727865 1.075202226638794 355
1766586727877 0.979938268661499 356
1766586727889 0.9992542862892151 357
1766586727902 1.0697691440582275 358
1766586727915 0.9942100048065186 359
1766586727927 1.0040005445480347 360
1766586728679 1.0329327583312988 361
1766586728693 1.0198495388031006 362
1766586728705 1.1264768838882446 363
1766586728717 1.2450155019760132 364
1766586728731 1.0344228744506836 365
1766586728743 1.1084256172180176 366
1766586728756 1.039401650428772 367
1766586728771 1.0224878787994385 368
1766586728784 1.0427188873291016 369
1766586728797 1.020359754562378 370
1766586728811 0.9894710183143616 371
1766586728820 1.0654752254486084 372
1766586728829 1.064337134361267 373
1766586728840 1.0041483640670776 374
1766586728851 1.1350265741348267 375
1766586728863 0.9942485094070435 376
1766586728875 1.0379478931427002 377
1766586728887 1.0030457973480225 378
1766586728899 1.0327413082122803 379
1766586728912 1.0338491201400757 380
1766586729608 0.9840378761291504 381
1766586729622 0.9916387796401978 382
1766586729632 1.0502699613571167 383
1766586729642 1.0363519191741943 384
1766586729653 1.141711950302124 385
1766586729663 1.0053749084472656 386
1766586729673 1.061457633972168 387
1766586729683 1.1077539920806885 388
1766586729693 1.1386843919754028 389
1766586729703 1.0715928077697754 390
1766586729715 1.0635175704956055 391
1766586729728 1.047653079032898 392
1766586729740 1.0195287466049194 393
1766586729752 0.9974668025970459 394
1766586729764 0.9900419116020203 395
1766586729776 1.0351216793060303 396
1766586729789 1.0997896194458008 397
1766586729801 0.9515786170959473 398
1766586729813 1.024566888809204 399
1766586729824 1.0275609493255615 400
1766586730466 1.0270051956176758 401
1766586730479 1.0324864387512207 402
1766586730491 1.0205507278442383 403
1766586730504 1.0285673141479492 404
1766586730516 1.0091538429260254 405
1766586730529 1.1196739673614502 406
1766586730541 1.0430443286895752 407
1766586730553 1.0449224710464478 408
1766586730566 1.04654860496521 409
1766586730578 0.986037015914917 410
1766586730590 0.9675372838973999 411
1766586730603 1.0415490865707397 412
1766586730616 1.0849246978759766 413
1766586730629 1.0504329204559326 414
1766586730641 1.0912885665893555 415
1766586730655 1.197656273841858 416
1766586730667 1.0395400524139404 417
1766586730679 0.9763574600219727 418
1766586730691 0.9920441508293152 419
1766586730702 1.0342915058135986 420
1766586731341 1.0366551876068115 421
1766586731353 1.044337511062622 422
1766586731368 1.0407495498657227 423
1766586731380 1.044679045677185 424
1766586731392 1.5313640832901 425
1766586731404 1.1511117219924927 426
1766586731415 1.0027992725372314 427
1766586731426 1.0249428749084473 428
1766586731438 1.1023032665252686 429
1766586731450 1.1738145351409912 430
1766586731462 1.0652832984924316 431
1766586731473 1.0023131370544434 432
1766586731485 1.033704400062561 433
1766586731497 1.1264359951019287 434
1766586731508 1.0757012367248535 435
1766586731520 1.0693037509918213 436
1766586731531 1.0516998767852783 437
1766586731543 1.0459904670715332 438
1766586731555 1.1080749034881592 439
1766586731566 1.0578639507293701 440
1766586732116 0.9974002838134766 441
1766586732127 1.132308006286621 442
1766586732140 1.0072736740112305 443
1766586732148 1.1025898456573486 444
1766586732156 1.0460196733474731 445
1766586732164 1.0754157304763794 446
1766586732172 0.999241828918457 447
1766586732184 1.0638599395751953 448
1766586732193 1.0385205745697021 449
1766586732200 1.0779832601547241 450
1766586732209 1.0527946949005127 451
1766586732220 1.0515470504760742 452
1766586732230 1.0321156978607178 453
1766586732238 1.053126573562622 454
1766586732247 1.0192387104034424 455
1766586732256 1.046069860458374 456
1766586732265 1.0218243598937988 457
1766586732275 1.0452048778533936 458
1766586732285 1.0386121273040771 459
1766586732297 1.0640525817871094 460
1766586732830 1.0182549953460693 461
1766586732839 1.0999319553375244 462
1766586732847 1.0471241474151611 463
1766586732858 1.014448881149292 464
1766586732867 0.9980300664901733 465
1766586732874 0.9915448427200317 466
1766586732882 1.0704305171966553 467
1766586732889 1.1043379306793213 468
1766586732897 1.0967164039611816 469
1766586732908 1.2523869276046753 470
1766586732918 1.0652766227722168 471
1766586732926 1.1118611097335815 472
1766586732936 1.0656225681304932 473
1766586732945 1.1068581342697144 474
1766586732953 1.0444326400756836 475
1766586732963 1.0331461429595947 476
1766586732972 1.12324857711792 477
1766586732984 1.0431756973266602 478
1766586732995 1.2016448974609375 479
1766586733007 1.0175350904464722 480
1766586733668 1.0176222324371338 481
1766586733681 1.0138365030288696 482
1766586733691 1.005380392074585 483
1766586733700 1.0833834409713745 484
1766586733709 0.9827768206596375 485
1766586733720 1.034127950668335 486
1766586733729 1.0230153799057007 487
1766586733739 0.9966470003128052 488
1766586733750 1.0850892066955566 489
1766586733762 1.0348849296569824 490
1766586733774 1.1202043294906616 491
1766586733788 1.0364447832107544 492
1766586733800 1.0322359800338745 493
1766586733822 1.0563514232635498 494
1766586733834 1.0291913747787476 495
1766586733846 0.9999872446060181 496
1766586733859 1.0415692329406738 497
1766586733871 1.0242748260498047 498
1766586733884 0.997087836265564 499
1766586733897 1.0307598114013672 500
1766586734552 1.0596150159835815 501
1766586734565 1.1868033409118652 502
1766586734573 0.9993067979812622 503
1766586734582 1.0648751258850098 504
1766586734591 1.081352949142456 505
1766586734600 1.029482364654541 506
1766586734611 1.0129859447479248 507
1766586734622 1.0260801315307617 508
1766586734632 0.9857889413833618 509
1766586734645 1.0323104858398438 510
1766586734659 0.9769266843795776 511
1766586734672 1.0494197607040405 512
1766586734684 1.0272798538208008 513
1766586734698 0.9857044219970703 514
1766586734711 1.022475004196167 515
1766586734724 1.0071556568145752 516
1766586734737 1.0482970476150513 517
1766586734750 1.0619996786117554 518
1766586734763 1.0587435960769653 519
1766586734776 1.0322635173797607 520
1766586735463 1.0188274383544922 521
1766586735475 1.0453126430511475 522
1766586735487 1.0330662727355957 523
1766586735498 1.0280814170837402 524
1766586735511 1.0235016345977783 525
1766586735523 1.0427417755126953 526
1766586735535 1.040616512298584 527
1766586735547 1.0247795581817627 528
1766586735559 1.0425174236297607 529
1766586735573 1.046000361442566 530
1766586735586 1.0512096881866455 531
1766586735599 1.068876028060913 532
1766586735612 0.9656729698181152 533
1766586735626 0.9779655933380127 534
1766586735640 0.999998927116394 535
1766586735653 1.1136786937713623 536
1766586735666 1.019515037536621 537
1766586735679 1.0012390613555908 538
1766586735693 0.9530370235443115 539
1766586735706 1.0524976253509521 540
1766586736416 1.0703665018081665 541
1766586736429 1.0313291549682617 542
1766586736442 1.023077130317688 543
1766586736454 0.980427622795105 544
1766586736466 1.0412483215332031 545
1766586736478 1.0135860443115234 546
1766586736490 1.0312831401824951 547
1766586736503 1.037674903869629 548
1766586736516 0.9858818054199219 549
1766586736528 1.0189639329910278 550
1766586736540 1.034773349761963 551
1766586736552 0.9855860471725464 552
1766586736564 1.0250086784362793 553
1766586736575 0.9758046269416809 554
1766586736587 1.0115082263946533 555
1766586736599 1.0532128810882568 556
1766586736611 1.0037330389022827 557
1766586736623 0.9595785737037659 558
1766586736635 1.0074825286865234 559
1766586736647 1.037454605102539 560
1766586737302 0.9950172901153564 561
1766586737318 1.031783103942871 562
1766586737331 1.006350040435791 563
1766586737343 1.0516538619995117 564
1766586737355 0.9708698987960815 565
1766586737367 1.0178481340408325 566
1766586737378 1.0252882242202759 567
1766586737390 1.09769606590271 568
1766586737403 1.0233161449432373 569
1766586737415 1.0272377729415894 570
1766586737427 0.9834927320480347 571
1766586737438 0.9848320484161377 572
1766586737450 0.9685204029083252 573
1766586737462 0.9967317581176758 574
1766586737474 1.0071042776107788 575
1766586737486 1.1711742877960205 576
1766586737498 1.0148472785949707 577
1766586737510 1.3413017988204956 578
1766586737522 0.963750958442688 579
1766586737535 1.0273964405059814 580
1766586738206 0.9722850322723389 581
1766586738219 0.9648526906967163 582
1766586738233 1.0163655281066895 583
1766586738245 0.9895626306533813 584
1766586738258 1.0690712928771973 585
1766586738270 1.0884648561477661 586
1766586738283 0.9873307347297668 587
1766586738294 1.00895357131958 588
1766586738306 1.0491721630096436 589
1766586738318 1.0172996520996094 590
1766586738332 1.0136442184448242 591
1766586738344 1.0263562202453613 592
1766586738358 1.0065538883209229 593
1766586738370 1.1561660766601562 594
1766586738383 1.0341241359710693 595
1766586738395 1.0701971054077148 596
1766586738408 1.0229504108428955 597
1766586738420 1.0290718078613281 598
1766586738432 1.0067342519760132 599
1766586738445 0.999638020992279 600
1766586739108 0.9807257652282715 601
1766586739121 1.3458483219146729 602
1766586739133 0.9958177804946899 603
1766586739145 0.986147940158844 604
1766586739158 0.984896719455719 605
1766586739170 1.1321899890899658 606
1766586739182 1.0015203952789307 607
1766586739195 1.0587360858917236 608
1766586739207 1.2590041160583496 609
1766586739219 1.027131199836731 610
1766586739231 1.015278697013855 611
1766586739243 0.9878863096237183 612
1766586739255 1.0768380165100098 613
1766586739267 1.0234034061431885 614
1766586739279 0.9949299693107605 615
1766586739291 1.0884034633636475 616
1766586739306 1.0371384620666504 617
1766586739320 1.0449399948120117 618
1766586739333 0.9470365047454834 619
1766586739345 1.0321519374847412 620
1766586740022 1.0250954627990723 621
1766586740036 1.0306735038757324 622
1766586740045 1.0382955074310303 623
1766586740055 1.0119739770889282 624
1766586740065 1.004754900932312 625
1766586740075 1.0196256637573242 626
1766586740085 1.0280907154083252 627
1766586740095 1.0928614139556885 628
1766586740105 1.0252490043640137 629
1766586740117 0.983116626739502 630
1766586740129 1.0572270154953003 631
1766586740141 1.0174744129180908 632
1766586740154 0.9780096411705017 633
1766586740166 1.0949759483337402 634
1766586740179 1.0807591676712036 635
1766586740190 1.0318245887756348 636
1766586740203 1.075160026550293 637
1766586740215 1.04167902469635 638
1766586740227 1.0005650520324707 639
1766586740239 0.9803141951560974 640
1766586740932 0.9899446964263916 641
1766586740963 1.0502383708953857 642
1766586740981 1.0287206172943115 643
1766586740999 0.9976600408554077 644
1766586741011 1.1085481643676758 645
1766586741025 1.0278316736221313 646
1766586741037 0.9926869869232178 647
1766586741049 0.977817177772522 648
1766586741062 1.065972089767456 649
1766586741073 1.0383615493774414 650
1766586741086 1.085512399673462 651
1766586741099 1.0129179954528809 652
1766586741111 1.0431878566741943 653
1766586741123 1.00369131565094 654
1766586741136 1.0610218048095703 655
1766586741148 0.9908462762832642 656
1766586741161 1.0448189973831177 657
1766586741174 0.9852373600006104 658
1766586741186 0.9486687183380127 659
1766586741198 1.0684568881988525 660
1766586741892 1.0053151845932007 661
1766586741906 1.0085763931274414 662
1766586741920 1.0339280366897583 663
1766586741935 1.0557599067687988 664
1766586741949 0.9350564479827881 665
1766586741963 1.0067411661148071 666
1766586741976 1.072675108909607 667
1766586741989 1.07057523727417 668
1766586742001 0.9817990064620972 669
1766586742014 1.0502891540527344 670
1766586742027 1.0162007808685303 671
1766586742040 1.0476126670837402 672
1766586742055 0.9804655313491821 673
1766586742067 0.9726995229721069 674
1766586742079 1.0360405445098877 675
1766586742091 1.02041757106781 676
1766586742106 0.9946321845054626 677
1766586742120 1.0145288705825806 678
1766586742133 1.0249764919281006 679
1766586742145 1.0748813152313232 680
1766586742832 0.9763908386230469 681
1766586742845 1.0382627248764038 682
1766586742857 1.038585901260376 683
1766586742869 0.9645786285400391 684
1766586742881 0.9798192381858826 685
1766586742893 1.076054334640503 686
1766586742905 1.006024956703186 687
1766586742917 1.0077059268951416 688
1766586742929 1.0096042156219482 689
1766586742940 1.0082733631134033 690
1766586742953 1.0044993162155151 691
1766586742966 1.0145299434661865 692
1766586742978 1.0194556713104248 693
1766586742992 0.994396448135376 694
1766586743005 1.0069156885147095 695
1766586743019 0.9920440912246704 696
1766586743032 1.0399702787399292 697
1766586743045 0.9679211378097534 698
1766586743058 1.0391976833343506 699
1766586743071 1.017439842224121 700
1766586743759 1.003532886505127 701
1766586743772 1.0150811672210693 702
1766586743784 1.0112868547439575 703
1766586743797 1.0770702362060547 704
1766586743809 1.0208823680877686 705
1766586743821 0.9989187717437744 706
1766586743834 1.0677051544189453 707
1766586743844 1.0516051054000854 708
1766586743852 1.0006985664367676 709
1766586743860 0.9861000776290894 710
1766586743869 0.9912792444229126 711
1766586743878 1.0156993865966797 712
1766586743888 1.0310667753219604 713
1766586743898 0.9470357894897461 714
1766586743909 1.03523850440979 715
1766586743919 1.004723310470581 716
1766586743931 1.0133394002914429 717
1766586743943 1.0266220569610596 718
1766586743955 1.0141159296035767 719
1766586743967 0.9745648503303528 720
1766586744626 1.0644038915634155 721
1766586744639 1.0486645698547363 722
1766586744649 1.0256681442260742 723
1766586744658 0.9491713047027588 724
1766586744668 0.9945443868637085 725
1766586744678 0.9778027534484863 726
1766586744689 1.0579044818878174 727
1766586744699 1.0820332765579224 728
1766586744710 1.0425997972488403 729
1766586744721 1.027540683746338 730
1766586744734 0.9713479280471802 731
1766586744746 1.0233038663864136 732
1766586744758 1.014642357826233 733
1766586744771 1.0354009866714478 734
1766586744783 1.0320476293563843 735
1766586744796 0.9694655537605286 736
1766586744808 1.0078363418579102 737
1766586744821 1.0013246536254883 738
1766586744835 1.004666805267334 739
1766586744847 1.0110801458358765 740
1766586745521 0.9751156568527222 741
1766586745531 1.0439417362213135 742
1766586745543 1.0445854663848877 743
1766586745555 1.178442120552063 744
1766586745568 0.9642941951751709 745
1766586745579 0.9834158420562744 746
1766586745591 1.0517359972000122 747
1766586745603 1.0015751123428345 748
1766586745616 1.0215518474578857 749
1766586745627 1.03401517868042 750
1766586745639 1.0408984422683716 751
1766586745651 1.0445492267608643 752
1766586745664 0.9626161456108093 753
1766586745676 1.0402699708938599 754
1766586745688 1.0712438821792603 755
1766586745701 0.9897515773773193 756
1766586745714 1.069678544998169 757
1766586745726 1.0136010646820068 758
1766586745738 1.0139654874801636 759
1766586745750 0.9448728561401367 760
1766586746480 0.9243396520614624 761
1766586746493 1.0039567947387695 762
1766586746505 1.0308881998062134 763
1766586746518 0.9862341284751892 764
1766586746530 1.0320996046066284 765
1766586746542 1.0060029029846191 766
1766586746555 0.9951336979866028 767
1766586746566 0.993963360786438 768
1766586746578 1.0267107486724854 769
1766586746591 0.9980359673500061 770
1766586746604 0.9847702980041504 771
1766586746616 0.9695544838905334 772
1766586746629 0.9628002643585205 773
1766586746641 0.9857704639434814 774
1766586746653 0.986194372177124 775
1766586746666 0.9949077367782593 776
1766586746678 1.0068511962890625 777
1766586746691 0.9778698086738586 778
1766586746703 1.0298426151275635 779
1766586746715 1.0018473863601685 780
1766586747384 0.9958721995353699 781
1766586747397 0.9893930554389954 782
1766586747409 1.0309525728225708 783
1766586747421 0.9657825231552124 784
1766586747434 1.0158737897872925 785
1766586747447 1.0075244903564453 786
1766586747458 1.022322416305542 787
1766586747470 0.9895935654640198 788
1766586747483 1.0191304683685303 789
1766586747494 1.036331295967102 790
1766586747506 1.0065654516220093 791
1766586747518 1.0651941299438477 792
1766586747530 1.0206718444824219 793
1766586747541 1.0129129886627197 794
1766586747554 0.999897837638855 795
1766586747566 1.0021586418151855 796
1766586747578 1.0359742641448975 797
1766586747590 1.0284804105758667 798
1766586747602 1.0148708820343018 799
1766586747614 1.0264766216278076 800
1766586748268 1.0540553331375122 801
1766586748280 1.0290169715881348 802
1766586748293 0.9480273723602295 803
1766586748304 1.0646580457687378 804
1766586748316 0.9881883859634399 805
1766586748328 1.0212548971176147 806
1766586748341 0.986526608467102 807
1766586748354 0.9885790348052979 808
1766586748366 1.0241377353668213 809
1766586748378 0.9930636882781982 810
1766586748390 1.0046887397766113 811
1766586748402 1.0079500675201416 812
1766586748413 0.9853065013885498 813
1766586748425 0.9957605004310608 814
1766586748437 1.0276010036468506 815
1766586748449 1.0162863731384277 816
1766586748464 1.0285420417785645 817
1766586748477 1.0009162425994873 818
1766586748489 0.953911542892456 819
1766586748500 1.0136816501617432 820
1766586749163 1.0203622579574585 821
1766586749174 1.0087342262268066 822
1766586749186 1.003003478050232 823
1766586749199 1.0079728364944458 824
1766586749210 1.0860004425048828 825
1766586749222 1.0140254497528076 826
1766586749234 0.9941627383232117 827
1766586749246 0.974631667137146 828
1766586749258 0.976722002029419 829
1766586749270 1.0097177028656006 830
1766586749282 1.0200974941253662 831
1766586749293 0.985878050327301 832
1766586749305 0.9760431051254272 833
1766586749317 1.048741102218628 834
1766586749329 1.0404815673828125 835
1766586749341 0.9780332446098328 836
1766586749352 1.0166231393814087 837
1766586749365 1.054988145828247 838
1766586749377 1.027788758277893 839
1766586749389 1.0356874465942383 840
1766586749964 0.9919910430908203 841
1766586749977 1.0279558897018433 842
1766586749990 0.9806517362594604 843
1766586750003 1.0181682109832764 844
1766586750015 0.9940650463104248 845
1766586750028 0.9673839807510376 846
1766586750040 1.023012638092041 847
1766586750053 0.9941405653953552 848
1766586750065 1.0346707105636597 849
1766586750077 0.9899442195892334 850
1766586750090 1.0220227241516113 851
1766586750102 1.0124002695083618 852
1766586750115 0.9968349933624268 853
1766586750126 1.0316128730773926 854
1766586750139 0.9837062358856201 855
1766586750151 0.9953413605690002 856
1766586750163 1.0223268270492554 857
1766586750175 1.0701637268066406 858
1766586750188 1.0474865436553955 859
1766586750200 1.0270193815231323 860
1766586750895 1.0396207571029663 861
1766586750908 1.017725944519043 862
1766586750920 0.9722042083740234 863
1766586750936 0.9869954586029053 864
1766586750949 1.0312306880950928 865
1766586750961 1.0961174964904785 866
1766586750973 0.9602137804031372 867
1766586750985 0.9632430076599121 868
1766586750997 0.9986306428909302 869
1766586751008 1.0330793857574463 870
1766586751020 0.9970493316650391 871
1766586751032 1.032961130142212 872
1766586751044 0.9987630248069763 873
1766586751057 1.0457440614700317 874
1766586751069 0.9856561422348022 875
1766586751081 0.989689826965332 876
1766586751093 0.9889549612998962 877
1766586751106 1.0868244171142578 878
1766586751118 0.9988791346549988 879
1766586751130 0.9890199899673462 880
1766586751818 1.0874130725860596 881
1766586751831 1.0217156410217285 882
1766586751842 1.077606439590454 883
1766586751855 0.9606814980506897 884
1766586751867 0.9948233366012573 885
1766586751879 0.9904320240020752 886
1766586751891 1.0408802032470703 887
1766586751903 0.9531784057617188 888
1766586751915 1.131765365600586 889
1766586751927 1.0652315616607666 890
1766586751940 1.0226659774780273 891
1766586751952 1.0283620357513428 892
1766586751965 0.9471666216850281 893
1766586751977 0.993916392326355 894
1766586751990 1.0688910484313965 895
1766586752002 1.0383981466293335 896
1766586752014 1.0036745071411133 897
1766586752026 1.0153305530548096 898
1766586752038 1.0184214115142822 899
1766586752050 1.0257365703582764 900
1766586752745 1.0907065868377686 901
1766586752758 1.0417453050613403 902
1766586752771 0.9742425680160522 903
1766586752783 1.0102570056915283 904
1766586752795 0.9767411947250366 905
1766586752808 1.0306339263916016 906
1766586752820 0.950745165348053 907
1766586752833 1.030181646347046 908
1766586752845 0.9829832315444946 909
1766586752858 0.9989153146743774 910
1766586752870 1.0391699075698853 911
1766586752882 1.0084120035171509 912
1766586752894 1.045373797416687 913
1766586752907 1.004185438156128 914
1766586752919 1.009330153465271 915
1766586752932 1.032441258430481 916
1766586752944 1.0289543867111206 917
1766586752957 1.0052324533462524 918
1766586752970 0.9981045126914978 919
1766586752982 1.083378553390503 920
1766586753669 1.0681540966033936 921
1766586753683 1.0162410736083984 922
1766586753695 0.9693819284439087 923
1766586753707 0.9411625266075134 924
1766586753719 0.9618767499923706 925
1766586753732 1.0373547077178955 926
1766586753744 1.0159196853637695 927
1766586753756 1.0146191120147705 928
1766586753769 1.05985689163208 929
1766586753781 0.9929128885269165 930
1766586753793 1.0403172969818115 931
1766586753806 1.0220484733581543 932
1766586753818 0.9615631103515625 933
1766586753830 0.9893391728401184 934
1766586753842 0.9921756386756897 935
1766586753855 0.978568434715271 936
1766586753866 1.0051547288894653 937
1766586753878 0.9969966411590576 938
1766586753890 1.0199129581451416 939
1766586753902 1.011559247970581 940
1766586754551 1.0036160945892334 941
1766586754566 1.078911542892456 942
1766586754576 1.0320433378219604 943
1766586754585 1.0228068828582764 944
1766586754595 1.06829833984375 945
1766586754605 1.0049034357070923 946
1766586754615 1.001976490020752 947
1766586754626 1.0443302392959595 948
1766586754636 1.0949816703796387 949
1766586754647 1.0690152645111084 950
1766586754658 1.0246232748031616 951
1766586754671 0.974929690361023 952
1766586754683 1.0543954372406006 953
1766586754696 0.9890286326408386 954
1766586754708 1.02277672290802 955
1766586754720 1.0449202060699463 956
1766586754732 1.0416176319122314 957
1766586754744 0.9927464723587036 958
1766586754755 1.027330994606018 959
1766586754767 1.0047746896743774 960
1766586755397 0.9650540351867676 961
1766586755411 1.0477988719940186 962
1766586755423 1.01494562625885 963
1766586755435 1.0144082307815552 964
1766586755447 0.983074963092804 965
1766586755459 1.053140640258789 966
1766586755471 0.9921815395355225 967
1766586755484 0.9928493499755859 968
1766586755496 0.9916499853134155 969
1766586755508 1.0801405906677246 970
1766586755520 0.9827929139137268 971
1766586755532 0.9873338937759399 972
1766586755544 1.084507703781128 973
1766586755556 1.0271592140197754 974
1766586755567 1.0136961936950684 975
1766586755580 1.0680196285247803 976
1766586755593 1.009214162826538 977
1766586755605 0.9970121383666992 978
1766586755617 1.043928623199463 979
1766586755629 1.0476956367492676 980
1766586756294 1.0041825771331787 981
1766586756306 0.9930753111839294 982
1766586756318 1.007432460784912 983
1766586756330 1.015080451965332 984
1766586756341 0.9927431344985962 985
1766586756353 0.9900117516517639 986
1766586756365 0.9488214254379272 987
1766586756377 0.9776420593261719 988
1766586756390 0.983176052570343 989
1766586756401 1.0435787439346313 990
1766586756413 0.9886476993560791 991
1766586756426 0.9957432150840759 992
1766586756438 0.9801377058029175 993
1766586756450 1.0685625076293945 994
1766586756463 0.9862205982208252 995
1766586756476 0.9853841066360474 996
1766586756489 1.0140459537506104 997
1766586756502 0.9587673544883728 998
1766586756515 1.062066912651062 999
1766586756528 0.9832022190093994 1000
1766586757209 0.9947713613510132 1001
1766586757221 1.008428692817688 1002
1766586757233 1.0388599634170532 1003
1766586757244 1.0158190727233887 1004
1766586757257 1.0250731706619263 1005
1766586757268 0.9981915354728699 1006
1766586757281 1.0531094074249268 1007
1766586757292 1.0657000541687012 1008
1766586757304 0.9689763188362122 1009
1766586757316 1.0081703662872314 1010
1766586757328 1.0166645050048828 1011
1766586757340 1.0821647644042969 1012
1766586757350 1.0584028959274292 1013
1766586757362 1.01144278049469 1014
1766586757374 0.9791160821914673 1015
1766586757386 1.0116524696350098 1016
1766586757399 1.0192899703979492 1017
1766586757411 1.007566213607788 1018
1766586757424 0.9956921339035034 1019
1766586757436 0.9933761358261108 1020
1766586758170 0.9595355987548828 1021
1766586758183 0.9998282790184021 1022
1766586758197 1.0071887969970703 1023
1766586758209 1.0204262733459473 1024
1766586758222 1.0536847114562988 1025
1766586758234 1.001261830329895 1026
1766586758247 1.0698034763336182 1027
1766586758262 1.0546742677688599 1028
1766586758274 1.0110280513763428 1029
1766586758287 0.9422760009765625 1030
1766586758299 0.9689888954162598 1031
1766586758312 1.0015923976898193 1032
1766586758324 1.0452179908752441 1033
1766586758337 1.024113416671753 1034
1766586758349 0.980895459651947 1035
1766586758361 0.997123122215271 1036
1766586758374 1.0399174690246582 1037
1766586758387 1.0511231422424316 1038
1766586758399 0.9731716513633728 1039
1766586758410 0.9945301413536072 1040
1766586759081 1.018542766571045 1041
1766586759092 1.074985146522522 1042
1766586759105 1.0153167247772217 1043
1766586759114 1.0001471042633057 1044
1766586759122 1.034808874130249 1045
1766586759131 1.0147923231124878 1046
1766586759141 1.059159755706787 1047
1766586759153 0.9938646554946899 1048
1766586759164 0.9920852184295654 1049
1766586759175 0.9892334938049316 1050
1766586759188 0.9758114814758301 1051
1766586759201 1.0203478336334229 1052
1766586759214 0.9609841108322144 1053
1766586759226 0.9668126106262207 1054
1766586759239 1.0465904474258423 1055
1766586759251 1.012753963470459 1056
1766586759263 1.0132107734680176 1057
1766586759277 1.0146703720092773 1058
1766586759290 1.0264472961425781 1059
1766586759302 0.9626418352127075 1060
1766586759951 0.9890446662902832 1061
1766586759963 1.025865077972412 1062
1766586759975 1.0054036378860474 1063
1766586759987 1.0114367008209229 1064
1766586759999 1.0071444511413574 1065
1766586760010 1.0031377077102661 1066
1766586760022 1.0227229595184326 1067
1766586760035 1.0013957023620605 1068
1766586760047 1.0913516283035278 1069
1766586760059 0.9391298890113831 1070
1766586760071 1.037441372871399 1071
1766586760083 1.0147473812103271 1072
1766586760095 1.0318078994750977 1073
1766586760107 1.035344123840332 1074
1766586760120 1.0244145393371582 1075
1766586760132 1.0141260623931885 1076
1766586760144 1.0116500854492188 1077
1766586760156 1.052781581878662 1078
1766586760168 0.9702249765396118 1079
1766586760179 0.979983925819397 1080
1766586760727 0.9632240533828735 1081
1766586760735 0.9941680431365967 1082
1766586760746 0.9888113141059875 1083
1766586760754 1.0371971130371094 1084
1766586760762 1.0136305093765259 1085
1766586760769 0.9672293663024902 1086
1766586760777 1.0289387702941895 1087
1766586760784 0.9503140449523926 1088
1766586760795 0.9971694946289062 1089
1766586760804 0.9896805286407471 1090
1766586760811 1.1174229383468628 1091
1766586760819 0.9843709468841553 1092
1766586760826 1.0465444326400757 1093
1766586760838 0.992631733417511 1094
1766586760847 0.99820876121521 1095
1766586760855 1.0355851650238037 1096
1766586760864 1.068053960800171 1097
1766586760873 1.056515097618103 1098
1766586760882 0.9836781024932861 1099
1766586760891 1.029552936553955 1100
1766586761537 1.0333878993988037 1101
1766586761551 1.0619170665740967 1102
1766586761564 0.98819500207901 1103
1766586761577 1.0163569450378418 1104
1766586761590 1.0217136144638062 1105
1766586761603 1.1091607809066772 1106
1766586761616 0.9971652626991272 1107
1766586761630 1.0369184017181396 1108
1766586761643 0.9715269207954407 1109
1766586761656 0.9983501434326172 1110
1766586761668 1.1885716915130615 1111
1766586761681 1.0086623430252075 1112
1766586761693 1.0020885467529297 1113
1766586761705 0.9941859245300293 1114
1766586761718 0.9648741483688354 1115
1766586761731 0.9904264211654663 1116
1766586761744 1.00935959815979 1117
1766586761757 0.9503111839294434 1118
1766586761769 0.9820771217346191 1119
1766586761781 1.0321476459503174 1120
1766586762440 0.9919338226318359 1121
1766586762452 1.013681173324585 1122
1766586762466 1.0080318450927734 1123
1766586762479 1.0158706903457642 1124
1766586762492 1.017604112625122 1125
1766586762504 0.9854289293289185 1126
1766586762517 0.9828935861587524 1127
1766586762530 1.0271064043045044 1128
1766586762542 0.9860764145851135 1129
1766586762555 0.9895638227462769 1130
1766586762568 1.0268561840057373 1131
1766586762580 1.0408936738967896 1132
1766586762593 1.0170385837554932 1133
1766586762606 0.9824167490005493 1134
1766586762618 0.9577114582061768 1135
1766586762632 0.9710058569908142 1136
1766586762645 0.956045389175415 1137
1766586762658 1.0027287006378174 1138
1766586762671 0.9921036958694458 1139
1766586762684 0.9900998473167419 1140
1766586763328 0.9714480042457581 1141
1766586763340 1.04574453830719 1142
1766586763352 1.0000879764556885 1143
1766586763365 0.9576257467269897 1144
1766586763377 1.0501999855041504 1145
1766586763389 1.006173849105835 1146
1766586763401 0.9794133901596069 1147
1766586763414 1.0255517959594727 1148
1766586763427 0.984656572341919 1149
1766586763440 0.994971752166748 1150
1766586763452 1.0618314743041992 1151
1766586763465 0.9995155334472656 1152
1766586763476 0.9975774884223938 1153
1766586763489 1.0242578983306885 1154
1766586763501 1.000258445739746 1155
1766586763513 1.006245493888855 1156
1766586763525 1.0140113830566406 1157
1766586763537 1.0012668371200562 1158
1766586763549 1.044377326965332 1159
1766586763563 0.9862143993377686 1160
1766586764245 0.9612054824829102 1161
1766586764257 1.0573407411575317 1162
1766586764270 1.0357367992401123 1163
1766586764283 1.0224971771240234 1164
1766586764296 0.9749070405960083 1165
1766586764309 0.9903255701065063 1166
1766586764321 1.023682713508606 1167
1766586764334 1.0024890899658203 1168
1766586764347 1.0083626508712769 1169
1766586764360 1.0703120231628418 1170
1766586764374 1.016232967376709 1171
1766586764387 0.9452605247497559 1172
1766586764400 0.9841093420982361 1173
1766586764413 1.024052619934082 1174
1766586764425 0.9973719120025635 1175
1766586764437 1.0350247621536255 1176
1766586764449 1.0603734254837036 1177
1766586764461 1.0082073211669922 1178
1766586764473 1.0204341411590576 1179
1766586764486 0.9455170035362244 1180
1766586765168 0.9793065786361694 1181
1766586765180 1.0181502103805542 1182
1766586765192 1.021092414855957 1183
1766586765205 0.9915804266929626 1184
1766586765217 0.9264072179794312 1185
1766586765229 1.0620002746582031 1186
1766586765241 1.0409845113754272 1187
1766586765252 0.9467767477035522 1188
1766586765265 1.021127462387085 1189
1766586765276 1.0362436771392822 1190
1766586765288 1.0571130514144897 1191
1766586765301 1.000688076019287 1192
1766586765312 0.9802384376525879 1193
1766586765323 1.0098047256469727 1194
1766586765335 1.0370668172836304 1195
1766586765347 1.0436770915985107 1196
1766586765359 1.0137367248535156 1197
1766586765371 1.0037500858306885 1198
1766586765382 1.0114737749099731 1199
1766586765394 1.0477354526519775 1200
1766586766036 0.9575452208518982 1201
1766586766049 0.9879238605499268 1202
1766586766061 0.93599534034729 1203
1766586766073 1.0107626914978027 1204
1766586766085 0.9910939931869507 1205
1766586766097 0.9618526697158813 1206
1766586766109 0.9933673143386841 1207
1766586766120 0.9840729236602783 1208
1766586766132 1.018831491470337 1209
1766586766143 0.975945234298706 1210
1766586766155 1.0378997325897217 1211
1766586766167 1.0094006061553955 1212
1766586766179 0.9913945198059082 1213
1766586766191 1.0508238077163696 1214
1766586766203 1.0367988348007202 1215
1766586766215 1.012547254562378 1216
1766586766226 1.0968070030212402 1217
1766586766239 1.0450239181518555 1218
1766586766251 0.9510406851768494 1219
1766586766263 0.9957030415534973 1220
1766586766912 0.9980563521385193 1221
1766586766925 0.9854357242584229 1222
1766586766938 0.989677906036377 1223
1766586766952 1.0314040184020996 1224
1766586766964 0.9634720087051392 1225
1766586766976 1.0266592502593994 1226
1766586766988 1.0624325275421143 1227
1766586767000 1.044574499130249 1228
1766586767012 0.997639000415802 1229
1766586767025 1.0243171453475952 1230
1766586767037 0.9757487773895264 1231
1766586767050 1.014072060585022 1232
1766586767063 1.0139744281768799 1233
1766586767075 1.0181918144226074 1234
1766586767087 0.9742915630340576 1235
1766586767099 1.0014556646347046 1236
1766586767112 1.0242576599121094 1237
1766586767124 1.0222023725509644 1238
1766586767137 1.0343636274337769 1239
1766586767149 0.9956490993499756 1240
1766586767806 0.9713300466537476 1241
1766586767819 1.0173585414886475 1242
1766586767834 1.005737543106079 1243
1766586767846 0.9497564435005188 1244
1766586767858 1.0259907245635986 1245
1766586767870 0.9652373790740967 1246
1766586767882 0.9913619756698608 1247
1766586767894 1.0722455978393555 1248
1766586767907 0.994762659072876 1249
1766586767919 0.9831260442733765 1250
1766586767932 1.018904447555542 1251
1766586767945 0.9644733667373657 1252
1766586767959 1.0503555536270142 1253
1766586767971 0.9689226746559143 1254
1766586767984 1.0131936073303223 1255
1766586767998 0.9792028665542603 1256
1766586768011 1.0296120643615723 1257
1766586768024 1.0312321186065674 1258
1766586768036 0.9749791622161865 1259
1766586768049 1.0422337055206299 1260
1766586768708 0.9956103563308716 1261
1766586768721 1.0504837036132812 1262
1766586768733 1.1187682151794434 1263
1766586768745 1.0301055908203125 1264
1766586768758 1.0183420181274414 1265
1766586768770 1.0040178298950195 1266
1766586768782 1.111124038696289 1267
1766586768794 1.0900764465332031 1268
1766586768807 0.9505319595336914 1269
1766586768819 1.0332732200622559 1270
1766586768830 1.0178048610687256 1271
1766586768842 1.0365445613861084 1272
1766586768854 0.9465080499649048 1273
1766586768868 1.0205985307693481 1274
1766586768881 1.0470893383026123 1275
1766586768893 0.9861540794372559 1276
1766586768906 1.0532290935516357 1277
1766586768918 1.0309205055236816 1278
1766586768931 0.971581757068634 1279
1766586768942 1.0069422721862793 1280
1766586769594 1.0271944999694824 1281
1766586769608 1.0621540546417236 1282
1766586769618 1.0822954177856445 1283
1766586769627 0.9824863076210022 1284
1766586769637 1.0199503898620605 1285
1766586769645 1.0293853282928467 1286
1766586769656 1.0321314334869385 1287
1766586769667 1.0940946340560913 1288
1766586769678 0.9905824661254883 1289
1766586769693 1.0234899520874023 1290
1766586769705 1.0544154644012451 1291
1766586769719 0.9891983270645142 1292
1766586769731 0.9772040843963623 1293
1766586769744 1.0053527355194092 1294
1766586769758 0.9563037753105164 1295
1766586769770 0.979209840297699 1296
1766586769783 1.0084019899368286 1297
1766586769797 1.0166234970092773 1298
1766586769810 1.0620943307876587 1299
1766586769819 1.0209345817565918 1300
1766586770483 0.9934908151626587 1301
1766586770495 0.9601023197174072 1302
1766586770507 1.0157864093780518 1303
1766586770520 0.9886137247085571 1304
1766586770531 0.9932557344436646 1305
1766586770544 1.0407265424728394 1306
1766586770555 1.011037826538086 1307
1766586770567 1.045226812362671 1308
1766586770579 1.0081753730773926 1309
1766586770591 0.995856523513794 1310
1766586770603 1.0050716400146484 1311
1766586770616 1.0074973106384277 1312
1766586770628 1.0371284484863281 1313
1766586770640 0.9983932971954346 1314
1766586770652 1.0014830827713013 1315
1766586770665 1.0368921756744385 1316
1766586770677 1.009821891784668 1317
1766586770690 1.0201067924499512 1318
1766586770702 1.0378422737121582 1319
1766586770714 1.0169317722320557 1320
1766586771367 1.018545389175415 1321
1766586771376 0.9775344133377075 1322
1766586771385 0.9434055685997009 1323
1766586771393 1.0753655433654785 1324
1766586771402 1.0036089420318604 1325
1766586771411 0.996536135673523 1326
1766586771421 1.0201648473739624 1327
1766586771432 1.022684097290039 1328
1766586771443 1.0148468017578125 1329
1766586771456 1.0267821550369263 1330
1766586771467 1.045156478881836 1331
1766586771480 1.0554168224334717 1332
1766586771492 1.0073723793029785 1333
1766586771504 1.0284589529037476 1334
1766586771516 1.0046031475067139 1335
1766586771529 0.9775124788284302 1336
1766586771541 1.0051980018615723 1337
1766586771554 0.9835466146469116 1338
1766586771566 1.017397403717041 1339
1766586771578 0.9613584280014038 1340
1766586772236 1.0923447608947754 1341
1766586772249 0.9739965796470642 1342
1766586772262 1.0394792556762695 1343
1766586772275 1.022382378578186 1344
1766586772287 0.9804537296295166 1345
1766586772300 0.9865331053733826 1346
1766586772312 0.9780219793319702 1347
1766586772326 0.9977430105209351 1348
1766586772339 0.9746145009994507 1349
1766586772353 1.0312626361846924 1350
1766586772366 1.0054302215576172 1351
1766586772379 1.0253114700317383 1352
1766586772391 1.0331318378448486 1353
1766586772404 1.0226653814315796 1354
1766586772416 1.0132744312286377 1355
1766586772428 0.9688476920127869 1356
1766586772441 1.0229624509811401 1357
1766586772453 0.9770463705062866 1358
1766586772466 1.0076837539672852 1359
1766586772480 0.9738512635231018 1360
1766586773168 1.0424787998199463 1361
1766586773180 1.0573441982269287 1362
1766586773192 1.0503742694854736 1363
1766586773203 1.0047814846038818 1364
1766586773215 1.004358172416687 1365
1766586773227 1.0663191080093384 1366
1766586773238 1.0108805894851685 1367
1766586773250 0.9825102090835571 1368
1766586773263 1.077934980392456 1369
1766586773275 1.0035566091537476 1370
1766586773287 0.9666532278060913 1371
1766586773299 1.0211338996887207 1372
1766586773310 0.9823740720748901 1373
1766586773323 0.9582939147949219 1374
1766586773335 1.001246452331543 1375
1766586773347 1.0129026174545288 1376
1766586773359 0.9865140914916992 1377
1766586773371 0.9423243999481201 1378
1766586773383 0.9544864296913147 1379
1766586773395 0.9676671028137207 1380
1766586774028 0.982873260974884 1381
1766586774041 0.9879478216171265 1382
1766586774055 1.0211758613586426 1383
1766586774066 1.0297558307647705 1384
1766586774078 1.0064278841018677 1385
1766586774090 0.9709470272064209 1386
1766586774102 1.003535270690918 1387
1766586774114 1.0646147727966309 1388
1766586774127 1.0392814874649048 1389
1766586774139 0.9621020555496216 1390
1766586774151 1.017757534980774 1391
1766586774163 1.040130376815796 1392
1766586774175 1.0070589780807495 1393
1766586774187 0.9947125911712646 1394
1766586774199 1.0097216367721558 1395
1766586774211 1.0689888000488281 1396
1766586774223 1.1293761730194092 1397
1766586774235 1.0073165893554688 1398
1766586774247 1.078627347946167 1399
1766586774259 0.9660027623176575 1400
1766586774908 1.090024471282959 1401
1766586774922 0.9897568225860596 1402
1766586774935 1.0106737613677979 1403
1766586774948 0.9822977781295776 1404
1766586774960 1.0083041191101074 1405
1766586774973 0.9978571534156799 1406
1766586774985 1.016858458518982 1407
1766586774998 0.9925220012664795 1408
1766586775011 0.9930270314216614 1409
1766586775023 0.98631751537323 1410
1766586775036 0.9704688787460327 1411
1766586775052 1.0796606540679932 1412
1766586775065 1.0142199993133545 1413
1766586775079 0.9771983623504639 1414
1766586775091 1.0220547914505005 1415
1766586775102 1.0167206525802612 1416
1766586775115 1.036797285079956 1417
1766586775127 1.0456318855285645 1418
1766586775140 0.9806680679321289 1419
1766586775151 1.016704797744751 1420
1766586775790 1.021146535873413 1421
1766586775804 1.0049477815628052 1422
1766586775816 0.996623158454895 1423
1766586775829 1.065643310546875 1424
1766586775842 1.030806303024292 1425
1766586775854 1.028275966644287 1426
1766586775866 1.0439324378967285 1427
1766586775879 1.0633342266082764 1428
1766586775892 0.9998927712440491 1429
1766586775904 1.0079416036605835 1430
1766586775916 1.0084619522094727 1431
1766586775928 0.9881106019020081 1432
1766586775944 0.937598705291748 1433
1766586775956 0.9967519044876099 1434
1766586775968 0.9915204048156738 1435
1766586775980 1.0078024864196777 1436
1766586775993 1.0874119997024536 1437
1766586776005 1.055559754371643 1438
1766586776018 0.9870339632034302 1439
1766586776031 1.006335973739624 1440
1766586776678 0.9677928686141968 1441
1766586776690 0.973608136177063 1442
1766586776702 1.1140239238739014 1443
1766586776714 0.9714581966400146 1444
1766586776726 0.9978032112121582 1445
1766586776739 1.0846514701843262 1446
1766586776752 0.9386733770370483 1447
1766586776764 1.031355381011963 1448
1766586776776 0.997029721736908 1449
1766586776788 1.0389182567596436 1450
1766586776801 0.9490687847137451 1451
1766586776813 1.0232315063476562 1452
1766586776825 1.0176517963409424 1453
1766586776837 0.9723898768424988 1454
1766586776849 0.9819422960281372 1455
1766586776861 1.0198668241500854 1456
1766586776874 0.9464554190635681 1457
1766586776885 1.0045521259307861 1458
1766586776899 1.0111802816390991 1459
1766586776911 1.0037965774536133 1460
1766586777580 1.063930869102478 1461
1766586777592 0.9742720127105713 1462
1766586777604 0.9998403787612915 1463
1766586777616 0.9936864376068115 1464
1766586777628 1.016756296157837 1465
1766586777640 1.0005968809127808 1466
1766586777652 1.0204495191574097 1467
1766586777665 0.9533053636550903 1468
1766586777677 0.9898043274879456 1469
1766586777690 1.0079673528671265 1470
1766586777703 1.0184671878814697 1471
1766586777715 1.0008127689361572 1472
1766586777747 1.0144758224487305 1473
1766586777778 0.9873630404472351 1474
1766586777790 1.000544548034668 1475
1766586777802 1.080331802368164 1476
1766586777815 1.0646286010742188 1477
1766586777827 1.0118681192398071 1478
1766586777840 0.9999097585678101 1479
1766586777853 1.0051155090332031 1480
1766586778525 1.0144398212432861 1481
1766586778537 0.9971134662628174 1482
1766586778549 1.0023853778839111 1483
1766586778561 0.9649209976196289 1484
1766586778574 1.0212149620056152 1485
1766586778587 1.1142137050628662 1486
1766586778599 0.9383955001831055 1487
1766586778610 0.981774091720581 1488
1766586778623 1.0272396802902222 1489
1766586778636 1.027484655380249 1490
1766586778649 1.014745831489563 1491
1766586778661 0.9841659665107727 1492
1766586778674 0.9932676553726196 1493
1766586778686 1.0175269842147827 1494
1766586778698 1.015978455543518 1495
1766586778710 0.9696042537689209 1496
1766586778722 1.0286717414855957 1497
1766586778734 0.9984613656997681 1498
1766586778746 0.9912158250808716 1499
1766586778758 1.0455083847045898 1500
1766586779429 1.0119633674621582 1501
1766586779441 1.0258903503417969 1502
1766586779453 0.9962761402130127 1503
1766586779464 1.021829605102539 1504
1766586779476 0.9539709687232971 1505
1766586779488 1.0135383605957031 1506
1766586779500 1.0428276062011719 1507
1766586779512 0.9806316494941711 1508
1766586779523 0.9888306260108948 1509
1766586779535 0.9904385805130005 1510
1766586779547 1.0046148300170898 1511
1766586779560 0.9593452215194702 1512
1766586779572 0.9922579526901245 1513
1766586779584 0.9980064630508423 1514
1766586779596 0.9889416098594666 1515
1766586779608 0.9972789287567139 1516
1766586779621 1.0001025199890137 1517
1766586779632 1.0203064680099487 1518
1766586779645 0.9684262275695801 1519
1766586779658 1.0066982507705688 1520
1766586780293 1.0223960876464844 1521
1766586780302 1.0601664781570435 1522
1766586780310 0.9916305541992188 1523
1766586780321 0.9729366302490234 1524
1766586780333 1.034797191619873 1525
1766586780342 0.9817708730697632 1526
1766586780349 0.9769405722618103 1527
1766586780361 1.024327278137207 1528
1766586780370 0.9440605640411377 1529
1766586780378 1.026310682296753 1530
1766586780387 1.052135944366455 1531
1766586780395 0.9355616569519043 1532
1766586780402 0.9826986789703369 1533
1766586780411 1.002272367477417 1534
1766586780419 0.9879496097564697 1535
1766586780428 1.0092018842697144 1536
1766586780439 0.9944734573364258 1537
1766586780450 1.0021052360534668 1538
1766586780462 1.0385454893112183 1539
1766586780474 0.9134381413459778 1540
1766586781042 0.9372857809066772 1541
1766586781051 1.001310110092163 1542
1766586781059 1.0112929344177246 1543
1766586781068 0.9954781532287598 1544
1766586781077 0.9579158425331116 1545
1766586781087 0.9430363178253174 1546
1766586781098 0.987060546875 1547
1766586781108 1.0038927793502808 1548
1766586781118 0.9720052480697632 1549
1766586781129 1.0159759521484375 1550
1766586781141 0.9677171111106873 1551
1766586781153 1.0222049951553345 1552
1766586781165 1.0187797546386719 1553
1766586781176 0.9840219020843506 1554
1766586781188 1.0196529626846313 1555
1766586781201 0.9561598300933838 1556
1766586781213 0.9883235692977905 1557
1766586781225 1.008758544921875 1558
1766586781236 1.0326769351959229 1559
1766586781248 1.001356601715088 1560
1766586781867 1.008076548576355 1561
1766586781877 0.9655137658119202 1562
1766586781885 0.9580956697463989 1563
1766586781894 0.9819970726966858 1564
1766586781904 0.968216061592102 1565
1766586781914 0.9797691106796265 1566
1766586781925 1.0258888006210327 1567
1766586781935 1.003011703491211 1568
1766586781946 0.996636688709259 1569
1766586781958 0.9667417407035828 1570
1766586781971 1.0093965530395508 1571
1766586781982 0.9833362698554993 1572
1766586781994 1.023690104484558 1573
1766586782006 1.0109738111495972 1574
1766586782021 0.9805431365966797 1575
1766586782034 0.9998624920845032 1576
1766586782045 1.0266509056091309 1577
1766586782057 0.9907407760620117 1578
1766586782070 1.034562349319458 1579
1766586782081 1.0163524150848389 1580
1766586782732 0.977806568145752 1581
1766586782745 1.0598703622817993 1582
1766586782757 1.0000678300857544 1583
1766586782770 1.0103102922439575 1584
1766586782783 0.9942275881767273 1585
1766586782795 1.014132022857666 1586
1766586782807 0.9780752658843994 1587
1766586782819 0.9746310114860535 1588
1766586782832 0.9717044830322266 1589
1766586782845 1.0373456478118896 1590
1766586782857 0.9902330636978149 1591
1766586782869 1.0138860940933228 1592
1766586782882 0.9763350486755371 1593
1766586782895 0.9640192985534668 1594
1766586782907 1.0068297386169434 1595
1766586782920 1.0258920192718506 1596
1766586782933 0.9606308937072754 1597
1766586782947 1.0270586013793945 1598
1766586782959 1.0089638233184814 1599
1766586782970 1.0528768301010132 1600
1766586783663 0.9563411474227905 1601
1766586783678 1.0117696523666382 1602
1766586783690 1.03031587600708 1603
1766586783702 1.1993999481201172 1604
1766586783714 0.9899505972862244 1605
1766586783726 0.9482348561286926 1606
1766586783738 0.9526246190071106 1607
1766586783750 0.9760708212852478 1608
1766586783763 0.999076247215271 1609
1766586783775 0.9403613805770874 1610
1766586783786 0.9843710660934448 1611
1766586783798 0.9649217128753662 1612
1766586783810 1.0638507604599 1613
1766586783822 0.9769508242607117 1614
1766586783833 1.003127098083496 1615
1766586783845 1.0029425621032715 1616
1766586783856 1.0452461242675781 1617
1766586783868 1.0261328220367432 1618
1766586783880 1.0025506019592285 1619
1766586783891 0.992397665977478 1620
1766586784558 0.941561758518219 1621
1766586784574 0.9761062264442444 1622
1766586784583 1.0729076862335205 1623
1766586784592 1.0077112913131714 1624
1766586784601 0.9836680889129639 1625
1766586784611 1.0218980312347412 1626
1766586784622 0.9829647541046143 1627
1766586784632 1.0303914546966553 1628
1766586784642 0.9739906191825867 1629
1766586784654 1.0002955198287964 1630
1766586784665 1.0104830265045166 1631
1766586784676 1.004723310470581 1632
1766586784689 1.0392320156097412 1633
1766586784701 0.9654412269592285 1634
1766586784712 1.0029618740081787 1635
1766586784725 0.9866811633110046 1636
1766586784737 0.9966332316398621 1637
1766586784746 1.0181647539138794 1638
1766586784755 0.9444000720977783 1639
1766586784764 1.0038337707519531 1640
1766586785433 0.9930511713027954 1641
1766586785447 0.9924018979072571 1642
1766586785459 0.9702445268630981 1643
1766586785471 0.9657497406005859 1644
1766586785484 0.9864079356193542 1645
1766586785496 0.9862431287765503 1646
1766586785508 0.9972688555717468 1647
1766586785521 0.9994149804115295 1648
1766586785533 1.098400592803955 1649
1766586785545 0.9610192775726318 1650
1766586785558 0.9798963069915771 1651
1766586785570 1.0054211616516113 1652
1766586785582 0.9810395240783691 1653
1766586785594 0.999845564365387 1654
1766586785606 0.9905383586883545 1655
1766586785618 1.1404364109039307 1656
1766586785631 1.023971438407898 1657
1766586785642 1.0258597135543823 1658
1766586785654 0.9800447821617126 1659
1766586785668 1.0079939365386963 1660
1766586786310 0.9534372687339783 1661
1766586786323 1.0772902965545654 1662
1766586786334 0.947426438331604 1663
1766586786346 1.0917606353759766 1664
1766586786359 1.019713282585144 1665
1766586786372 0.9784390926361084 1666
1766586786384 0.9896789789199829 1667
1766586786396 0.9821232557296753 1668
1766586786408 1.022412657737732 1669
1766586786420 1.0317686796188354 1670
1766586786433 0.9858794212341309 1671
1766586786445 1.0338494777679443 1672
1766586786460 1.0253403186798096 1673
1766586786473 1.056234359741211 1674
1766586786486 1.0145840644836426 1675
1766586786498 0.9560243487358093 1676
1766586786510 0.9778965711593628 1677
1766586786522 0.9459449052810669 1678
1766586786534 1.008154034614563 1679
1766586786545 0.9967385530471802 1680
1766586787128 0.9570529460906982 1681
1766586787136 0.9872305393218994 1682
1766586787144 0.9867541790008545 1683
1766586787157 0.9568840265274048 1684
1766586787165 0.9764111042022705 1685
1766586787173 0.991028368473053 1686
1766586787185 1.0219273567199707 1687
1766586787196 0.9720966219902039 1688
1766586787208 1.0037262439727783 1689
1766586787216 1.0072685480117798 1690
1766586787225 0.9823821783065796 1691
1766586787233 1.0110721588134766 1692
1766586787242 1.0021533966064453 1693
1766586787253 1.0071163177490234 1694
1766586787265 0.9982709288597107 1695
1766586787275 1.0143879652023315 1696
1766586787285 1.0401331186294556 1697
1766586787296 0.9981065392494202 1698
1766586787307 1.0090115070343018 1699
1766586787319 1.0414888858795166 1700
1766586787885 0.9838132858276367 1701
1766586787903 1.0195716619491577 1702
1766586787912 0.9411976337432861 1703
1766586787921 0.968262791633606 1704
1766586787930 0.9844034910202026 1705
1766586787940 1.0294392108917236 1706
1766586787949 1.0015394687652588 1707
1766586787959 1.010688304901123 1708
1766586787970 0.9803987741470337 1709
1766586787980 0.987411618232727 1710
1766586787992 1.025296688079834 1711
1766586788004 1.0543091297149658 1712
1766586788016 1.041551113128662 1713
1766586788027 1.017518401145935 1714
1766586788040 0.9502630829811096 1715
1766586788055 0.982177734375 1716
1766586788066 1.0013254880905151 1717
1766586788079 1.0058481693267822 1718
1766586788090 0.9968944191932678 1719
1766586788103 0.9550305604934692 1720
1766586788758 1.0378533601760864 1721
1766586788770 1.0049011707305908 1722
1766586788782 1.0003339052200317 1723
1766586788793 0.9647401571273804 1724
1766586788805 0.9972665309906006 1725
1766586788817 1.0362144708633423 1726
1766586788829 1.001726746559143 1727
1766586788841 0.9923555850982666 1728
1766586788853 0.9835261106491089 1729
1766586788865 0.9927266836166382 1730
1766586788877 0.9959583878517151 1731
1766586788890 1.0408912897109985 1732
1766586788902 1.0088138580322266 1733
1766586788915 1.0110410451889038 1734
1766586788927 0.984880268573761 1735
1766586788940 0.9996042847633362 1736
1766586788952 1.0049433708190918 1737
1766586788964 1.0721815824508667 1738
1766586788976 1.0169494152069092 1739
1766586788989 1.0274717807769775 1740
1766586789628 1.012181043624878 1741
1766586789644 0.9859941005706787 1742
1766586789656 1.016793966293335 1743
1766586789668 1.0565041303634644 1744
1766586789680 0.9913229942321777 1745
1766586789694 1.0117098093032837 1746
1766586789705 0.9716567397117615 1747
1766586789717 1.0078339576721191 1748
1766586789730 1.1186327934265137 1749
1766586789742 1.024092197418213 1750
1766586789754 1.014548897743225 1751
1766586789766 1.01461660861969 1752
1766586789778 1.0594377517700195 1753
1766586789791 1.0376923084259033 1754
1766586789803 1.0298867225646973 1755
1766586789816 0.9828494787216187 1756
1766586789828 0.9904277324676514 1757
1766586789840 1.0065596103668213 1758
1766586789852 1.0055902004241943 1759
1766586789864 1.060773253440857 1760
1766586790491 1.0114985704421997 1761
1766586790500 0.9952467679977417 1762
1766586790510 0.9710639119148254 1763
1766586790520 0.9994310140609741 1764
1766586790530 1.0113756656646729 1765
1766586790540 1.0294337272644043 1766
1766586790551 1.012831449508667 1767
1766586790562 1.0076433420181274 1768
1766586790573 1.0325381755828857 1769
1766586790585 1.0197811126708984 1770
1766586790599 1.0060913562774658 1771
1766586790608 0.996975302696228 1772
1766586790618 1.0140858888626099 1773
1766586790628 1.0315709114074707 1774
1766586790638 0.9571161270141602 1775
1766586790647 0.982529878616333 1776
1766586790657 0.9744781255722046 1777
1766586790669 0.9847314357757568 1778
1766586790680 1.0249817371368408 1779
1766586790692 1.0008007287979126 1780
1766586791354 1.010791301727295 1781
1766586791366 1.0806434154510498 1782
1766586791378 0.9888476133346558 1783
1766586791390 0.9906215667724609 1784
1766586791402 0.9724459052085876 1785
1766586791415 0.9983328580856323 1786
1766586791428 1.0663814544677734 1787
1766586791440 1.0469071865081787 1788
1766586791452 1.0345810651779175 1789
1766586791465 1.0061745643615723 1790
1766586791477 1.0173451900482178 1791
1766586791489 1.0074338912963867 1792
1766586791501 0.9967049360275269 1793
1766586791513 1.0275793075561523 1794
1766586791524 1.0259631872177124 1795
1766586791537 0.97121661901474 1796
1766586791549 0.9938458204269409 1797
1766586791561 1.0341304540634155 1798
1766586791574 0.9767876267433167 1799
1766586791585 0.9772924780845642 1800
1766586792255 1.027232050895691 1801
1766586792268 1.0060158967971802 1802
1766586792277 1.019723892211914 1803
1766586792285 0.9763575792312622 1804
1766586792294 0.9944739937782288 1805
1766586792302 1.0539493560791016 1806
1766586792311 1.0157315731048584 1807
1766586792321 0.9857476949691772 1808
1766586792331 1.0271964073181152 1809
1766586792342 1.0084500312805176 1810
1766586792353 0.9891760349273682 1811
1766586792365 1.0519297122955322 1812
1766586792377 1.0390286445617676 1813
1766586792389 1.001075267791748 1814
1766586792401 1.0150554180145264 1815
1766586792415 0.9927611351013184 1816
1766586792427 0.9896016120910645 1817
1766586792439 1.013784646987915 1818
1766586792451 1.0045899152755737 1819
1766586792464 1.0027743577957153 1820
1766586793132 0.9443655014038086 1821
1766586793147 1.0001106262207031 1822
1766586793159 0.9394210577011108 1823
1766586793172 1.0190320014953613 1824
1766586793184 1.0161430835723877 1825
1766586793196 1.0106239318847656 1826
1766586793209 0.9762585759162903 1827
1766586793222 0.9790986776351929 1828
1766586793234 0.9987002611160278 1829
1766586793246 0.9499503970146179 1830
1766586793259 0.9672067165374756 1831
1766586793271 1.0036299228668213 1832
1766586793283 1.008679986000061 1833
1766586793295 1.035079002380371 1834
1766586793307 0.98491370677948 1835
1766586793320 1.0294405221939087 1836
1766586793333 1.0574913024902344 1837
1766586793346 1.0230116844177246 1838
1766586793359 1.007246971130371 1839
1766586793370 1.0491771697998047 1840
1766586794065 0.9519245624542236 1841
1766586794079 0.9859586954116821 1842
1766586794091 0.982337236404419 1843
1766586794104 1.0041019916534424 1844
1766586794116 0.9718252420425415 1845
1766586794128 0.9993604421615601 1846
1766586794141 1.0332355499267578 1847
1766586794155 1.005218744277954 1848
1766586794168 1.0573041439056396 1849
1766586794181 0.9777506589889526 1850
1766586794193 1.0362428426742554 1851
1766586794206 1.000774621963501 1852
1766586794218 1.0051583051681519 1853
1766586794230 0.9943089485168457 1854
1766586794243 1.0088480710983276 1855
1766586794254 1.0134508609771729 1856
1766586794266 0.9627808332443237 1857
1766586794279 0.9675960540771484 1858
1766586794291 1.0107474327087402 1859
1766586794303 0.9969616532325745 1860
1766586794968 0.9743356108665466 1861
1766586794977 1.0015695095062256 1862
1766586794986 1.0133540630340576 1863
1766586794995 1.0255146026611328 1864
1766586795004 0.9579639434814453 1865
1766586795015 1.02937650680542 1866
1766586795025 1.1721470355987549 1867
1766586795035 0.9925519227981567 1868
1766586795046 0.985779881477356 1869
1766586795058 0.9747135639190674 1870
1766586795070 0.9913473129272461 1871
1766586795083 1.0471035242080688 1872
1766586795096 1.041386604309082 1873
1766586795108 0.9911190271377563 1874
1766586795120 1.0393157005310059 1875
1766586795132 0.975182831287384 1876
1766586795144 0.9896872043609619 1877
1766586795157 0.9991694092750549 1878
1766586795169 1.0043704509735107 1879
1766586795182 1.0343432426452637 1880
1766586795799 0.996299684047699 1881
1766586795814 0.967043399810791 1882
1766586795827 0.9875929355621338 1883
1766586795838 1.025686502456665 1884
1766586795850 1.044026494026184 1885
1766586795863 1.002227544784546 1886
1766586795875 0.9898279309272766 1887
1766586795887 1.0364145040512085 1888
1766586795900 1.0067965984344482 1889
1766586795913 1.0331990718841553 1890
1766586795925 1.0586094856262207 1891
1766586795937 1.0085800886154175 1892
1766586795949 1.0152387619018555 1893
1766586795962 1.0257991552352905 1894
1766586795974 0.9913639426231384 1895
1766586795986 0.9413247108459473 1896
1766586795999 0.9771929979324341 1897
1766586796012 0.9455659985542297 1898
1766586796024 1.00169038772583 1899
1766586796037 1.0101518630981445 1900
1766586796732 0.972023606300354 1901
1766586796744 0.9900321364402771 1902
1766586796756 0.9895275831222534 1903
1766586796768 0.9902305006980896 1904
1766586796777 1.0109678506851196 1905
1766586796786 1.0211613178253174 1906
1766586796795 1.0050597190856934 1907
1766586796805 0.9941201210021973 1908
1766586796815 1.049316167831421 1909
1766586796825 1.0268518924713135 1910
1766586796835 1.0094118118286133 1911
1766586796845 1.0359036922454834 1912
1766586796857 0.9981528520584106 1913
1766586796870 1.0982110500335693 1914
1766586796882 1.039365530014038 1915
1766586796895 1.032137393951416 1916
1766586796908 0.9968878626823425 1917
1766586796921 1.0749149322509766 1918
1766586796933 1.001530408859253 1919
1766586796945 1.0310955047607422 1920
1766586797613 1.0200163125991821 1921
1766586797627 0.9831310510635376 1922
1766586797635 0.9510610103607178 1923
1766586797644 0.9983918070793152 1924
1766586797654 0.9608350992202759 1925
1766586797663 1.0097665786743164 1926
1766586797673 1.04172945022583 1927
1766586797683 1.006856918334961 1928
1766586797694 0.9895573854446411 1929
1766586797705 0.9881730675697327 1930
1766586797717 1.0036370754241943 1931
1766586797729 0.9848660230636597 1932
1766586797742 1.0364727973937988 1933
1766586797754 1.0006966590881348 1934
1766586797767 0.9722446203231812 1935
1766586797779 1.037075161933899 1936
1766586797792 1.0341672897338867 1937
1766586797804 1.0125492811203003 1938
1766586797816 0.9800716042518616 1939
1766586797829 0.9993922114372253 1940
1766586798560 1.051849603652954 1941
1766586798572 1.0208604335784912 1942
1766586798584 0.9931098818778992 1943
1766586798596 1.031638503074646 1944
1766586798609 0.9759141802787781 1945
1766586798621 1.0206141471862793 1946
1766586798633 1.0530604124069214 1947
1766586798645 0.9429309964179993 1948
1766586798658 1.0275707244873047 1949
1766586798670 1.0474309921264648 1950
1766586798682 1.0091123580932617 1951
1766586798695 1.0166070461273193 1952
1766586798708 0.9950581789016724 1953
1766586798721 1.0134170055389404 1954
1766586798733 1.0436103343963623 1955
1766586798745 0.9685332775115967 1956
1766586798758 0.9940491914749146 1957
1766586798770 0.9833792448043823 1958
1766586798783 1.0083632469177246 1959
1766586798796 1.0342069864273071 1960
1766586799468 0.9940952658653259 1961
1766586799481 0.9776465892791748 1962
1766586799493 1.0335825681686401 1963
1766586799506 0.979539155960083 1964
1766586799519 0.9830695390701294 1965
1766586799531 1.014613389968872 1966
1766586799544 1.0577936172485352 1967
1766586799557 1.0378308296203613 1968
1766586799570 1.0208570957183838 1969
1766586799582 0.9956421256065369 1970
1766586799595 1.008814811706543 1971
1766586799608 1.0324428081512451 1972
1766586799620 0.9742574691772461 1973
1766586799633 0.9603686332702637 1974
1766586799645 1.041804552078247 1975
1766586799657 0.9718923568725586 1976
1766586799670 0.9918357729911804 1977
1766586799683 0.9784818887710571 1978
1766586799696 1.0041619539260864 1979
1766586799708 1.0251257419586182 1980
1766586800395 0.9658883810043335 1981
1766586800408 1.0054843425750732 1982
1766586800420 1.024965763092041 1983
1766586800432 1.000863790512085 1984
1766586800445 1.0154881477355957 1985
1766586800458 0.9839415550231934 1986
1766586800470 0.9915258884429932 1987
1766586800482 1.0044642686843872 1988
1766586800495 1.0372817516326904 1989
1766586800508 1.0760507583618164 1990
1766586800520 0.9858341217041016 1991
1766586800532 1.010445237159729 1992
1766586800545 1.0320487022399902 1993
1766586800557 0.9810936450958252 1994
1766586800571 1.0048930644989014 1995
1766586800583 0.9777044057846069 1996
1766586800595 1.0212526321411133 1997
1766586800609 0.975191056728363 1998
1766586800621 1.15188467502594 1999
1766586800635 1.0225906372070312 2000
1766586801324 0.9747743010520935 2001
1766586801340 0.9802996516227722 2002
1766586801351 0.9914138913154602 2003
1766586801364 1.0160319805145264 2004
1766586801376 0.9530361294746399 2005
1766586801389 1.0219049453735352 2006
1766586801401 1.06683349609375 2007
1766586801413 0.9865999817848206 2008
1766586801425 0.9758522510528564 2009
1766586801437 0.9736109972000122 2010
1766586801449 1.0431848764419556 2011
1766586801461 1.014777421951294 2012
1766586801473 1.0978257656097412 2013
1766586801485 1.0345450639724731 2014
1766586801497 1.0173569917678833 2015
1766586801510 1.0462454557418823 2016
1766586801521 1.035123348236084 2017
1766586801536 0.959754228591919 2018
1766586801545 1.0021435022354126 2019
1766586801554 0.972484290599823 2020
1766586802149 1.0169109106063843 2021
1766586802158 0.995697557926178 2022
1766586802170 1.0029606819152832 2023
1766586802179 0.9929323196411133 2024
1766586802187 1.0149418115615845 2025
1766586802195 0.9529328346252441 2026
1766586802206 1.0162354707717896 2027
1766586802217 0.9831081628799438 2028
1766586802228 1.0286409854888916 2029
1766586802237 1.03590989112854 2030
1766586802246 0.9879449605941772 2031
1766586802256 0.9964129328727722 2032
1766586802267 1.0169813632965088 2033
1766586802276 0.9629225730895996 2034
1766586802285 0.9705950617790222 2035
1766586802296 0.9948995113372803 2036
1766586802306 0.9935102462768555 2037
1766586802318 0.9739930629730225 2038
1766586802330 0.9868903160095215 2039
1766586802341 0.9798756837844849 2040
1766586802850 0.9654200673103333 2041
1766586802859 1.0219824314117432 2042
1766586802868 1.006408929824829 2043
1766586802879 0.98299640417099 2044
1766586802888 0.9866962432861328 2045
1766586802895 1.0208479166030884 2046
1766586802902 0.9583213329315186 2047
1766586802910 1.0365417003631592 2048
1766586802917 0.9768139719963074 2049
1766586802928 0.9988636374473572 2050
1766586802937 0.9951050877571106 2051
1766586802945 0.9977816343307495 2052
1766586802952 1.0296237468719482 2053
1766586802960 1.0080695152282715 2054
1766586802968 1.0180736780166626 2055
1766586802976 1.019371509552002 2056
1766586802984 0.9879857301712036 2057
1766586802994 1.0164843797683716 2058
1766586803006 0.9911876916885376 2059
1766586803017 1.019378662109375 2060
1766586803565 1.046120047569275 2061
1766586803574 1.004889965057373 2062
1766586803583 1.0632070302963257 2063
1766586803592 1.0274240970611572 2064
1766586803602 0.9408049583435059 2065
1766586803611 0.9751097559928894 2066
1766586803622 1.0152361392974854 2067
1766586803633 1.0287532806396484 2068
1766586803644 1.0169768333435059 2069
1766586803656 1.0084872245788574 2070
1766586803668 0.9669448137283325 2071
1766586803681 1.030526876449585 2072
1766586803693 1.0170034170150757 2073
1766586803705 0.9894006848335266 2074
1766586803717 1.0208501815795898 2075
1766586803730 0.9974159598350525 2076
1766586803742 0.980299174785614 2077
1766586803754 1.023780107498169 2078
1766586803765 1.0065417289733887 2079
1766586803777 1.0615472793579102 2080
1766586804420 1.017702341079712 2081
1766586804433 0.985885739326477 2082
1766586804445 1.0025320053100586 2083
1766586804457 1.027838945388794 2084
1766586804470 0.9965302348136902 2085
1766586804483 1.0095512866973877 2086
1766586804494 0.9545012712478638 2087
1766586804507 1.0633025169372559 2088
1766586804519 1.048457145690918 2089
1766586804530 1.1115391254425049 2090
1766586804542 0.9936598539352417 2091
1766586804553 0.989041268825531 2092
1766586804565 1.013057827949524 2093
1766586804577 0.9778636693954468 2094
1766586804589 0.9464385509490967 2095
1766586804601 1.038879156112671 2096
1766586804614 1.0520296096801758 2097
1766586804626 0.9657480120658875 2098
1766586804639 1.002800703048706 2099
1766586804651 0.9733397960662842 2100
1766586805283 0.9841307997703552 2101
1766586805293 0.9561461210250854 2102
1766586805302 0.9926538467407227 2103
1766586805311 0.9984636902809143 2104
1766586805319 1.028522253036499 2105
1766586805329 0.9745558500289917 2106
1766586805340 0.9931782484054565 2107
1766586805350 1.0360727310180664 2108
1766586805361 1.042205572128296 2109
1766586805373 0.9924525022506714 2110
1766586805385 1.0096065998077393 2111
1766586805398 0.9702575206756592 2112
1766586805414 1.010183572769165 2113
1766586805427 1.0179200172424316 2114
1766586805439 1.0058917999267578 2115
1766586805451 0.9766061305999756 2116
1766586805463 1.0185421705245972 2117
1766586805475 1.0357489585876465 2118
1766586805488 1.0406732559204102 2119
1766586805501 0.97099769115448 2120
1766586806176 0.9860570430755615 2121
1766586806188 0.9981994032859802 2122
1766586806200 0.9814445972442627 2123
1766586806212 0.9933558702468872 2124
1766586806224 1.0090078115463257 2125
1766586806236 0.9921371936798096 2126
1766586806249 1.0194352865219116 2127
1766586806262 0.9779775142669678 2128
1766586806274 0.9808194637298584 2129
1766586806286 1.0466201305389404 2130
1766586806299 1.031432867050171 2131
1766586806312 0.9757564067840576 2132
1766586806324 0.9887784123420715 2133
1766586806337 0.9799718260765076 2134
1766586806350 0.9943105578422546 2135
1766586806362 0.9974820613861084 2136
1766586806374 0.9667274355888367 2137
1766586806387 1.0196946859359741 2138
1766586806400 1.0333032608032227 2139
1766586806412 0.9785532355308533 2140
1766586807095 1.0152227878570557 2141
1766586807108 0.960390567779541 2142
1766586807121 1.0258750915527344 2143
1766586807133 1.0235846042633057 2144
1766586807146 1.1133767366409302 2145
1766586807158 1.0458316802978516 2146
1766586807171 0.9772986173629761 2147
1766586807183 0.9929322600364685 2148
1766586807195 0.9872288703918457 2149
1766586807209 1.0239944458007812 2150
1766586807222 0.9791194200515747 2151
1766586807234 0.9999637603759766 2152
1766586807247 1.0296211242675781 2153
1766586807259 1.0588970184326172 2154
1766586807271 0.9756029844284058 2155
1766586807283 0.9814486503601074 2156
1766586807295 0.9589939117431641 2157
1766586807306 0.9839447736740112 2158
1766586807318 1.030120611190796 2159
1766586807331 0.9875144958496094 2160
1766586807982 1.028470754623413 2161
1766586807995 1.001936674118042 2162
1766586808009 1.012869119644165 2163
1766586808021 0.9611210823059082 2164
1766586808033 1.006134033203125 2165
1766586808045 0.9920817613601685 2166
1766586808057 0.9730990529060364 2167
1766586808069 0.9702408313751221 2168
1766586808082 0.96416836977005 2169
1766586808094 1.0065758228302002 2170
1766586808106 1.008049726486206 2171
1766586808117 1.0403857231140137 2172
1766586808129 1.0066449642181396 2173
1766586808145 0.9720644950866699 2174
1766586808157 0.9549567103385925 2175
1766586808168 0.9714038968086243 2176
1766586808179 0.9735714197158813 2177
1766586808191 0.9976184368133545 2178
1766586808203 0.9594796299934387 2179
1766586808215 0.9976680874824524 2180
1766586808886 0.9787834882736206 2181
1766586808899 0.9751869440078735 2182
1766586808908 0.9815120697021484 2183
1766586808918 0.992659330368042 2184
1766586808931 1.0242969989776611 2185
1766586808942 1.0009377002716064 2186
1766586808955 0.98187655210495 2187
1766586808967 1.0458900928497314 2188
1766586808979 0.9769898653030396 2189
1766586808991 0.9892985820770264 2190
1766586809003 0.9813441038131714 2191
1766586809012 1.0199861526489258 2192
1766586809021 1.0065301656723022 2193
1766586809032 0.9776008725166321 2194
1766586809041 0.992725133895874 2195
1766586809051 0.9382005929946899 2196
1766586809061 0.9700570106506348 2197
1766586809073 1.0193018913269043 2198
1766586809084 1.0873119831085205 2199
1766586809096 1.0720293521881104 2200
1766586809777 1.0156638622283936 2201
1766586809790 1.0369136333465576 2202
1766586809800 0.9847475290298462 2203
1766586809809 0.9526978731155396 2204
1766586809820 1.0132763385772705 2205
1766586809830 0.9560290575027466 2206
1766586809840 1.022112250328064 2207
1766586809849 1.0086246728897095 2208
1766586809859 0.9784433841705322 2209
1766586809871 0.9550721049308777 2210
1766586809882 1.0244343280792236 2211
1766586809896 0.9901221990585327 2212
1766586809909 1.0480740070343018 2213
1766586809922 0.9597334861755371 2214
1766586809934 0.9751347303390503 2215
1766586809947 0.9387726783752441 2216
1766586809959 1.0163211822509766 2217
1766586809971 1.0188865661621094 2218
1766586809983 0.9992547631263733 2219
1766586809998 1.0240628719329834 2220
1766586810659 1.0203465223312378 2221
1766586810673 1.0390692949295044 2222
1766586810682 0.9579472541809082 2223
1766586810692 1.0135704278945923 2224
1766586810701 1.0142239332199097 2225
1766586810714 1.0125505924224854 2226
1766586810724 1.0657113790512085 2227
1766586810734 1.0026710033416748 2228
1766586810744 1.0105252265930176 2229
1766586810757 0.9858464002609253 2230
1766586810768 0.975905179977417 2231
1766586810780 1.0253584384918213 2232
1766586810792 0.9924308657646179 2233
1766586810804 0.9650440812110901 2234
1766586810816 0.9850261211395264 2235
1766586810828 1.008310079574585 2236
1766586810841 0.9917883276939392 2237
1766586810853 1.0031213760375977 2238
1766586810865 1.010917067527771 2239
1766586810877 0.9914313554763794 2240
1766586811576 1.0417648553848267 2241
1766586811588 1.000549077987671 2242
1766586811601 1.0215325355529785 2243
1766586811613 0.9657585024833679 2244
1766586811625 1.0218675136566162 2245
1766586811636 1.0186471939086914 2246
1766586811648 1.0330278873443604 2247
1766586811660 0.9499037265777588 2248
1766586811672 1.0225799083709717 2249
1766586811683 0.9381163120269775 2250
1766586811696 0.9624536037445068 2251
1766586811708 0.9990203380584717 2252
1766586811720 0.9806749224662781 2253
1766586811732 1.0161387920379639 2254
1766586811745 0.9346409440040588 2255
1766586811758 1.0831043720245361 2256
1766586811772 1.0761638879776 2257
1766586811787 0.981629490852356 2258
1766586811802 0.9855515956878662 2259
1766586811815 1.0225378274917603 2260
1766586812503 0.9706293940544128 2261
1766586812516 1.0633997917175293 2262
1766586812529 1.0002776384353638 2263
1766586812541 1.0176948308944702 2264
1766586812554 1.013299822807312 2265
1766586812567 0.9504510164260864 2266
1766586812580 0.9670880436897278 2267
1766586812593 0.9915449023246765 2268
1766586812605 1.0025378465652466 2269
1766586812618 1.0175306797027588 2270
1766586812630 1.0438868999481201 2271
1766586812644 0.9670129418373108 2272
1766586812657 1.0173413753509521 2273
1766586812669 1.041849136352539 2274
1766586812681 0.9466830492019653 2275
1766586812693 0.983332633972168 2276
1766586812705 0.9796204566955566 2277
1766586812718 1.0534052848815918 2278
1766586812730 0.9970524907112122 2279
1766586812742 1.0305567979812622 2280
1766586813493 1.2036465406417847 2281
1766586813506 1.0298446416854858 2282
1766586813519 1.0512638092041016 2283
1766586813531 1.045403003692627 2284
1766586813544 1.0271825790405273 2285
1766586813561 0.996441662311554 2286
1766586813590 1.009642481803894 2287
1766586813611 1.0053720474243164 2288
1766586813623 1.0626496076583862 2289
1766586813636 0.9876854419708252 2290
1766586813648 0.9735372066497803 2291
1766586813661 0.9593038558959961 2292
1766586813673 1.0190389156341553 2293
1766586813686 1.0544053316116333 2294
1766586813699 0.9913640022277832 2295
1766586813714 0.9889309406280518 2296
1766586813723 0.9578657150268555 2297
1766586813733 0.9727848768234253 2298
1766586813743 1.0073778629302979 2299
1766586813753 0.9796724915504456 2300
1766586814463 1.0051606893539429 2301
1766586814475 1.0391199588775635 2302
1766586814486 1.0291869640350342 2303
1766586814498 0.9681419730186462 2304
1766586814512 1.001206398010254 2305
1766586814524 0.9895119071006775 2306
1766586814536 1.0111207962036133 2307
1766586814549 0.996096134185791 2308
1766586814562 1.0163737535476685 2309
1766586814574 1.0414209365844727 2310
1766586814587 0.9777433276176453 2311
1766586814599 0.9455749988555908 2312
1766586814613 0.9818434715270996 2313
1766586814625 0.9551693201065063 2314
1766586814637 1.0336898565292358 2315
1766586814649 1.0137715339660645 2316
1766586814662 0.9832499027252197 2317
1766586814674 1.006058692932129 2318
1766586814687 0.9682970643043518 2319
1766586814699 1.0866007804870605 2320
1766586815320 1.0406434535980225 2321
1766586815333 0.9778273701667786 2322
1766586815346 1.0131556987762451 2323
1766586815358 1.024754524230957 2324
1766586815370 1.0144543647766113 2325
1766586815383 1.028756856918335 2326
1766586815394 0.9381572008132935 2327
1766586815406 1.0305759906768799 2328
1766586815418 1.0150139331817627 2329
1766586815430 0.9785768985748291 2330
1766586815442 1.0412397384643555 2331
1766586815456 1.0085184574127197 2332
1766586815469 0.9959498047828674 2333
1766586815481 0.9741144776344299 2334
1766586815494 1.0218652486801147 2335
1766586815506 1.0152862071990967 2336
1766586815518 1.0024209022521973 2337
1766586815531 1.0196161270141602 2338
1766586815543 0.9906236529350281 2339
1766586815555 0.9588345885276794 2340
1766586816253 0.9908292293548584 2341
1766586816267 0.97881019115448 2342
1766586816279 0.987789511680603 2343
1766586816291 0.9841503500938416 2344
1766586816304 1.0342633724212646 2345
1766586816317 1.0139191150665283 2346
1766586816329 1.0383509397506714 2347
1766586816341 0.9882779121398926 2348
1766586816354 1.0226635932922363 2349
1766586816366 1.0143568515777588 2350
1766586816378 0.9696377515792847 2351
1766586816390 0.9809684157371521 2352
1766586816402 1.0230534076690674 2353
1766586816414 1.0001451969146729 2354
1766586816427 1.0064458847045898 2355
1766586816440 0.9760024547576904 2356
1766586816453 1.0640236139297485 2357
1766586816465 1.0549174547195435 2358
1766586816477 0.9747000932693481 2359
1766586816489 1.0060315132141113 2360
1766586817192 1.0036447048187256 2361
1766586817204 1.0017070770263672 2362
1766586817217 1.0072358846664429 2363
1766586817229 0.9936224818229675 2364
1766586817244 1.0491912364959717 2365
1766586817256 1.0047969818115234 2366
1766586817268 1.032392144203186 2367
1766586817280 0.982997477054596 2368
1766586817294 0.9899169206619263 2369
1766586817306 0.9722765684127808 2370
1766586817318 0.9793010354042053 2371
1766586817331 1.021514892578125 2372
1766586817344 0.9785205125808716 2373
1766586817356 0.9868102073669434 2374
1766586817368 0.9919242858886719 2375
1766586817380 1.0053339004516602 2376
1766586817392 1.0188027620315552 2377
1766586817404 0.9989181160926819 2378
1766586817417 1.0161978006362915 2379
1766586817429 0.9919112920761108 2380
1766586818124 0.9968000650405884 2381
1766586818136 1.0566297769546509 2382
1766586818149 1.0169196128845215 2383
1766586818161 1.0495675802230835 2384
1766586818173 0.985000729560852 2385
1766586818186 1.0412790775299072 2386
1766586818198 1.0071802139282227 2387
1766586818211 1.1130897998809814 2388
1766586818223 1.0080556869506836 2389
1766586818236 0.9528075456619263 2390
1766586818249 1.0196819305419922 2391
1766586818261 1.0407649278640747 2392
1766586818273 0.9676103591918945 2393
1766586818285 1.007458209991455 2394
1766586818298 1.0431158542633057 2395
1766586818310 0.9968891739845276 2396
1766586818322 1.0066380500793457 2397
1766586818334 1.0006449222564697 2398
1766586818347 0.955461859703064 2399
1766586818359 1.0182589292526245 2400
1766586819040 0.9947350025177002 2401
1766586819054 1.031785011291504 2402
1766586819066 1.0084551572799683 2403
1766586819078 1.0393319129943848 2404
1766586819091 1.0189471244812012 2405
1766586819103 1.018180012702942 2406
1766586819116 0.9698567390441895 2407
1766586819128 1.0124069452285767 2408
1766586819141 0.9940025806427002 2409
1766586819153 1.0590298175811768 2410
1766586819165 1.025577187538147 2411
1766586819177 0.9953679442405701 2412
1766586819189 1.0536653995513916 2413
1766586819201 0.9902380704879761 2414
1766586819213 0.9993636012077332 2415
1766586819225 1.0312080383300781 2416
1766586819238 1.016908884048462 2417
1766586819250 1.006090521812439 2418
1766586819263 0.9906948804855347 2419
1766586819274 0.9779195785522461 2420
1766586819964 1.018179178237915 2421
1766586819978 1.0202558040618896 2422
1766586819991 1.034492015838623 2423
1766586820003 1.0257186889648438 2424
1766586820015 1.0072753429412842 2425
1766586820027 1.0133190155029297 2426
1766586820039 1.0692070722579956 2427
1766586820052 1.0408642292022705 2428
1766586820064 1.0010044574737549 2429
1766586820076 0.9660108089447021 2430
1766586820088 0.9953539371490479 2431
1766586820100 0.9792941808700562 2432
1766586820112 1.0103706121444702 2433
1766586820125 1.0678017139434814 2434
1766586820137 1.1138548851013184 2435
1766586820149 0.9851122498512268 2436
1766586820161 0.9811705946922302 2437
1766586820173 1.0258047580718994 2438
1766586820185 1.017602801322937 2439
1766586820196 1.0414386987686157 2440
1766586820868 1.0010322332382202 2441
1766586820881 0.9860561490058899 2442
1766586820894 1.031441330909729 2443
1766586820909 0.989351749420166 2444
1766586820922 1.050309181213379 2445
1766586820934 0.986107349395752 2446
1766586820946 0.9620038270950317 2447
1766586820958 0.9760679006576538 2448
1766586820970 1.0419373512268066 2449
1766586820982 0.9567192792892456 2450
1766586820995 1.0083744525909424 2451
1766586821007 1.0104966163635254 2452
1766586821019 1.0692096948623657 2453
1766586821032 0.9814130663871765 2454
1766586821045 1.0029103755950928 2455
1766586821058 1.0589830875396729 2456
1766586821070 1.0034689903259277 2457
1766586821082 1.0057899951934814 2458
1766586821095 1.0027811527252197 2459
1766586821108 1.0368754863739014 2460
1766586821843 0.9631478786468506 2461
1766586821857 0.9728585481643677 2462
1766586821878 0.9909743666648865 2463
1766586821891 1.0176076889038086 2464
1766586821904 1.0019348859786987 2465
1766586821914 1.0851528644561768 2466
1766586821923 1.0805556774139404 2467
1766586821933 0.956386148929596 2468
1766586821944 0.995003879070282 2469
1766586821956 0.9740759134292603 2470
1766586821967 0.9742592573165894 2471
1766586821978 0.9851915836334229 2472
1766586821991 0.9864020347595215 2473
1766586822003 0.9931454062461853 2474
1766586822016 0.9979854822158813 2475
1766586822029 0.9902552366256714 2476
1766586822041 1.0283066034317017 2477
1766586822054 0.997245728969574 2478
1766586822067 1.0510220527648926 2479
1766586822080 1.021250605583191 2480
1766586822749 0.9790723919868469 2481
1766586822762 0.9887402057647705 2482
1766586822774 0.9779024720191956 2483
1766586822787 1.0030548572540283 2484
1766586822799 0.9994405508041382 2485
1766586822811 0.9921875596046448 2486
1766586822824 0.9831538200378418 2487
1766586822837 1.0276613235473633 2488
1766586822849 0.9855744242668152 2489
1766586822861 1.0132660865783691 2490
1766586822873 0.9938488006591797 2491
1766586822885 1.0705435276031494 2492
1766586822898 1.0590497255325317 2493
1766586822910 0.9974958896636963 2494
1766586822923 1.0029008388519287 2495
1766586822935 1.0102760791778564 2496
1766586822947 1.115799903869629 2497
1766586822959 0.9772171378135681 2498
1766586822971 1.0021915435791016 2499
1766586822984 1.035165786743164 2500
