1766229210199 0.002 20
1766229211053 0.002 40
1766229211918 0.002 60
1766229212785 0.002 80
1766229213650 0.002 100
1766229214513 0.002 120
1766229215373 0.002 140
1766229216204 0.002 160
1766229216879 0.002 180
1766229217554 0.002 200
1766229218219 0.002 220
1766229219011 0.002 240
1766229219869 0.002 260
1766229220718 0.002 280
1766229221568 0.002 300
1766229222421 0.002 320
1766229223282 0.002 340
1766229224015 0.002 360
1766229224716 0.002 380
1766229225601 0.002 400
1766229226474 0.002 420
1766229227329 0.002 440
1766229228175 0.002 460
1766229229031 0.002 480
1766229229889 0.002 500
1766229230752 0.002 520
1766229231615 0.002 540
1766229232467 0.002 560
1766229233322 0.002 580
1766229234166 0.002 600
1766229234957 0.001 620
1766229235842 0.001 640
1766229236715 0.001 660
1766229237582 0.001 680
1766229238442 0.001 700
1766229239293 0.001 720
1766229240195 0.001 740
1766229241068 0.001 760
1766229241942 0.001 780
1766229242821 0.001 800
1766229243698 0.001 820
1766229244558 0.001 840
1766229245443 0.001 860
1766229246334 0.001 880
1766229247210 0.001 900
1766229248080 0.001 920
1766229248945 0.0005 940
1766229249790 0.0005 960
1766229250668 0.0005 980
1766229251418 0.0005 1000
1766229252174 0.0005 1020
1766229253067 0.0005 1040
1766229253939 0.0005 1060
1766229254790 0.0005 1080
1766229255680 0.0005 1100
1766229256523 0.0005 1120
1766229257417 0.0005 1140
1766229258304 0.0005 1160
1766229259159 0.0005 1180
1766229260031 0.0005 1200
1766229260923 0.0005 1220
1766229261774 0.0005 1240
1766229262658 0.0005 1260
1766229263529 0.0005 1280
1766229264395 0.0005 1300
1766229265260 0.0005 1320
1766229266145 0.0005 1340
1766229266985 0.00025 1360
1766229267830 0.00025 1380
1766229268635 0.00025 1400
1766229269440 0.00025 1420
1766229270309 0.00025 1440
1766229271178 0.00025 1460
1766229272019 0.00025 1480
1766229272881 0.00025 1500
1766229273661 0.00025 1520
1766229274546 0.00025 1540
1766229275448 0.00025 1560
1766229276328 0.00025 1580
1766229277203 0.00025 1600
1766229278079 0.00025 1620
1766229278924 0.00025 1640
1766229279805 0.00025 1660
1766229280661 0.00025 1680
1766229281514 0.00025 1700
1766229282385 0.00025 1720
1766229283254 0.00025 1740
1766229284132 0.00025 1760
1766229285062 0.000125 1780
1766229285929 0.000125 1800
1766229286796 0.000125 1820
1766229287650 0.000125 1840
1766229288565 0.000125 1860
1766229289421 0.000125 1880
1766229290263 0.000125 1900
1766229291111 0.000125 1920
1766229291837 0.000125 1940
1766229292712 0.000125 1960
1766229293644 0.000125 1980
1766229294526 6.25e-05 2000
1766229295419 6.25e-05 2020
1766229296267 6.25e-05 2040
1766229297117 6.25e-05 2060
1766229297855 6.25e-05 2080
1766229298734 6.25e-05 2100
1766229299617 6.25e-05 2120
1766229300484 6.25e-05 2140
1766229301347 6.25e-05 2160
1766229302205 6.25e-05 2180
1766229302903 6.25e-05 2200
1766229303638 3.125e-05 2220
1766229304576 3.125e-05 2240
1766229305480 3.125e-05 2260
1766229306345 3.125e-05 2280
1766229307195 3.125e-05 2300
1766229307868 3.125e-05 2320
1766229308601 3.125e-05 2340
1766229309492 3.125e-05 2360
1766229310370 3.125e-05 2380
1766229311264 3.125e-05 2400
1766229312095 3.125e-05 2420
1766229312983 1.5625e-05 2440
1766229313746 1.5625e-05 2460
1766229314451 1.5625e-05 2480
1766229315351 1.5625e-05 2500
1766229316210 1.5625e-05 2520
1766229317052 1.5625e-05 2540
1766229317910 1.5625e-05 2560
