1766229207848 3.428349256515503 1
1766229207859 4.8694353103637695 2
1766229207871 2.669670820236206 3
1766229207882 1.555314064025879 4
1766229207893 2.107389450073242 5
1766229207905 2.118013858795166 6
1766229207916 1.6439915895462036 7
1766229207926 1.2831909656524658 8
1766229207933 1.1662862300872803 9
1766229207941 1.2750754356384277 10
1766229207948 1.4353742599487305 11
1766229207955 1.5197075605392456 12
1766229207965 1.3990249633789062 13
1766229207975 1.3346641063690186 14
1766229207982 1.2430946826934814 15
1766229207989 1.1488053798675537 16
1766229207999 1.2002205848693848 17
1766229208009 1.2445465326309204 18
1766229208015 1.19138503074646 19
1766229208022 1.2244274616241455 20
1766229210210 1.2131984233856201 21
1766229210221 1.167710304260254 22
1766229210230 1.1099646091461182 23
1766229210241 1.1013011932373047 24
1766229210251 1.0675857067108154 25
1766229210260 1.0778942108154297 26
1766229210271 1.1160502433776855 27
1766229210280 1.1205077171325684 28
1766229210290 1.1345813274383545 29
1766229210300 1.1018497943878174 30
1766229210310 1.1228625774383545 31
1766229210320 1.1068837642669678 32
1766229210330 1.0786648988723755 33
1766229210339 1.0683218240737915 34
1766229210350 1.1044752597808838 35
1766229210360 1.0878016948699951 36
1766229210369 1.0713800191879272 37
1766229210381 1.0804681777954102 38
1766229210391 1.089048981666565 39
1766229210402 1.0861117839813232 40
1766229211063 1.0703890323638916 41
1766229211074 1.0683504343032837 42
1766229211085 1.0757566690444946 43
1766229211095 1.0668619871139526 44
1766229211107 1.0832414627075195 45
1766229211117 1.088057518005371 46
1766229211127 1.0699056386947632 47
1766229211138 1.0495868921279907 48
1766229211149 1.056739091873169 49
1766229211160 1.017337441444397 50
1766229211172 1.0867321491241455 51
1766229211183 1.046797275543213 52
1766229211194 1.0877444744110107 53
1766229211205 1.062784194946289 54
1766229211216 1.0562635660171509 55
1766229211227 1.0929913520812988 56
1766229211238 1.0375936031341553 57
1766229211250 1.0609080791473389 58
1766229211260 1.0509650707244873 59
1766229211271 1.0358660221099854 60
1766229211928 1.0367012023925781 61
1766229211939 1.0561163425445557 62
1766229211949 1.062251329421997 63
1766229211961 1.028751254081726 64
1766229211972 1.0710951089859009 65
1766229211983 1.0255565643310547 66
1766229211994 1.080693244934082 67
1766229212004 1.0660793781280518 68
1766229212015 1.0339114665985107 69
1766229212026 1.035890817642212 70
1766229212038 1.0513110160827637 71
1766229212049 1.0225049257278442 72
1766229212060 1.067753791809082 73
1766229212071 1.0309252738952637 74
1766229212083 1.0565400123596191 75
1766229212094 1.0613675117492676 76
1766229212104 1.011965274810791 77
1766229212115 1.0492686033248901 78
1766229212128 1.017585039138794 79
1766229212138 1.0518333911895752 80
1766229212797 1.0694220066070557 81
1766229212807 1.0412073135375977 82
1766229212818 1.0458513498306274 83
1766229212828 1.0391662120819092 84
1766229212838 1.0522022247314453 85
1766229212849 1.0468616485595703 86
1766229212861 1.0473079681396484 87
1766229212872 1.0532429218292236 88
1766229212883 1.0528407096862793 89
1766229212893 1.0506203174591064 90
1766229212904 1.0572537183761597 91
1766229212915 1.046048879623413 92
1766229212927 1.0341119766235352 93
1766229212938 1.0593758821487427 94
1766229212949 1.0310118198394775 95
1766229212960 1.033066987991333 96
1766229212971 1.024623155593872 97
1766229212982 1.0599589347839355 98
1766229212992 1.0305006504058838 99
1766229213003 1.072691798210144 100
1766229213661 1.0491116046905518 101
1766229213671 1.0361944437026978 102
1766229213682 1.0341544151306152 103
1766229213693 1.0769875049591064 104
1766229213704 1.041609764099121 105
1766229213713 1.0380138158798218 106
1766229213723 1.061737060546875 107
1766229213733 1.0529041290283203 108
1766229213743 1.057692289352417 109
1766229213754 1.0524001121520996 110
1766229213765 1.0273044109344482 111
1766229213776 0.9949489831924438 112
1766229213787 1.0459126234054565 113
1766229213799 1.0504820346832275 114
1766229213811 1.0603593587875366 115
1766229213822 1.0631611347198486 116
1766229213833 1.0537830591201782 117
1766229213844 1.0443793535232544 118
1766229213855 1.021945595741272 119
1766229213866 1.0327777862548828 120
1766229214524 1.064662218093872 121
1766229214534 1.0346038341522217 122
1766229214545 1.0278089046478271 123
1766229214555 1.0472536087036133 124
1766229214566 1.040849208831787 125
1766229214577 1.066906213760376 126
1766229214588 1.0817289352416992 127
1766229214598 1.0225427150726318 128
1766229214609 1.0438146591186523 129
1766229214619 1.046273946762085 130
1766229214630 1.065495491027832 131
1766229214640 1.01961350440979 132
1766229214651 1.0436248779296875 133
1766229214662 1.0479388236999512 134
1766229214672 1.0619845390319824 135
1766229214683 1.040846347808838 136
1766229214693 1.0569449663162231 137
1766229214704 1.0313677787780762 138
1766229214715 1.0202000141143799 139
1766229214725 1.0503134727478027 140
1766229215384 1.0480883121490479 141
1766229215394 1.0390238761901855 142
1766229215405 1.0118824243545532 143
1766229215416 1.0744105577468872 144
1766229215426 1.0514649152755737 145
1766229215437 1.0508081912994385 146
1766229215448 1.0544087886810303 147
1766229215458 1.0459883213043213 148
1766229215469 1.0198397636413574 149
1766229215479 1.0677660703659058 150
1766229215489 1.0087335109710693 151
1766229215499 1.0478383302688599 152
1766229215508 1.0378377437591553 153
1766229215518 1.0611531734466553 154
1766229215528 1.0437853336334229 155
1766229215540 1.0257542133331299 156
1766229215551 1.0374712944030762 157
1766229215561 1.0788161754608154 158
1766229215572 1.0591821670532227 159
1766229215583 1.0464926958084106 160
1766229216211 1.026838779449463 161
1766229216217 1.0462077856063843 162
1766229216224 1.0296385288238525 163
1766229216233 1.0245273113250732 164
1766229216242 1.0612437725067139 165
1766229216248 1.0463943481445312 166
1766229216254 1.048051357269287 167
1766229216260 1.0513283014297485 168
1766229216266 1.0419180393218994 169
1766229216273 1.0296416282653809 170
1766229216279 1.0596003532409668 171
1766229216289 1.0409743785858154 172
1766229216298 1.031470537185669 173
1766229216305 1.0544739961624146 174
1766229216311 1.0269984006881714 175
1766229216317 1.0242698192596436 176
1766229216324 0.9962477087974548 177
1766229216330 1.0292812585830688 178
1766229216340 1.0336090326309204 179
1766229216350 1.042003870010376 180
1766229216885 1.0070152282714844 181
1766229216892 1.0513538122177124 182
1766229216898 1.0390278100967407 183
1766229216904 1.0193910598754883 184
1766229216914 1.0405776500701904 185
1766229216924 1.020918607711792 186
1766229216930 1.0369758605957031 187
1766229216936 1.0373287200927734 188
1766229216942 1.0310992002487183 189
1766229216948 1.060797929763794 190
1766229216954 1.038163423538208 191
1766229216964 1.0339415073394775 192
1766229216974 1.0479769706726074 193
1766229216980 0.9970376491546631 194
1766229216986 1.026723027229309 195
1766229216993 1.0555081367492676 196
1766229216999 1.0274155139923096 197
1766229217005 1.0671608448028564 198
1766229217015 1.0305969715118408 199
1766229217024 1.0322967767715454 200
1766229217560 1.037829875946045 201
1766229217566 0.9998868703842163 202
1766229217572 1.0306389331817627 203
1766229217578 1.0620129108428955 204
1766229217585 1.0527843236923218 205
1766229217594 1.0538477897644043 206
1766229217601 1.0403695106506348 207
1766229217608 1.023745059967041 208
1766229217614 1.0267832279205322 209
1766229217624 1.0578503608703613 210
1766229217633 1.00081205368042 211
1766229217642 1.0399649143218994 212
1766229217648 1.0399810075759888 213
1766229217654 1.0257271528244019 214
1766229217660 1.0579230785369873 215
1766229217666 1.0221083164215088 216
1766229217672 1.0527427196502686 217
1766229217682 1.0500242710113525 218
1766229217691 1.0363799333572388 219
1766229217698 1.0049902200698853 220
1766229218226 1.019439458847046 221
1766229218233 1.030558705329895 222
1766229218240 1.046993374824524 223
1766229218249 1.024067759513855 224
1766229218259 0.9992443919181824 225
1766229218266 1.0264387130737305 226
1766229218273 1.0219535827636719 227
1766229218282 1.033109426498413 228
1766229218292 1.020721197128296 229
1766229218300 1.006591796875 230
1766229218307 1.0122662782669067 231
1766229218313 1.0804002285003662 232
1766229218321 1.036088228225708 233
1766229218328 1.0274271965026855 234
1766229218338 1.0235235691070557 235
1766229218349 1.0030672550201416 236
1766229218360 1.028860092163086 237
1766229218368 1.0260387659072876 238
1766229218375 1.032907247543335 239
1766229218382 1.0606321096420288 240
1766229219021 1.026285171508789 241
1766229219033 1.0054292678833008 242
1766229219045 1.0443767309188843 243
1766229219055 1.0424575805664062 244
1766229219066 1.0153799057006836 245
1766229219078 1.0339343547821045 246
1766229219088 1.0265147686004639 247
1766229219098 1.0481411218643188 248
1766229219111 1.0315163135528564 249
1766229219122 1.0083431005477905 250
1766229219133 1.0280176401138306 251
1766229219143 1.0217293500900269 252
1766229219154 1.0173803567886353 253
1766229219163 1.0235445499420166 254
1766229219174 1.0291491746902466 255
1766229219185 1.025140643119812 256
1766229219195 1.0028150081634521 257
1766229219208 1.0236490964889526 258
1766229219218 1.0407130718231201 259
1766229219229 1.0175426006317139 260
1766229219878 1.0317906141281128 261
1766229219888 0.9946975708007812 262
1766229219898 1.0285072326660156 263
1766229219908 1.0305029153823853 264
1766229219920 1.0396888256072998 265
1766229219929 1.0215678215026855 266
1766229219940 1.0479083061218262 267
1766229219951 1.0196822881698608 268
1766229219962 1.0400712490081787 269
1766229219972 1.0347182750701904 270
1766229219983 1.0400760173797607 271
1766229219994 1.0290255546569824 272
1766229220004 1.034346103668213 273
1766229220016 1.0305092334747314 274
1766229220027 1.0333192348480225 275
1766229220037 1.0624074935913086 276
1766229220047 1.024257779121399 277
1766229220057 1.0221507549285889 278
1766229220068 1.0366907119750977 279
1766229220080 1.0228925943374634 280
1766229220729 1.0614023208618164 281
1766229220740 1.0454330444335938 282
1766229220751 1.0105425119400024 283
1766229220762 1.0481512546539307 284
1766229220773 1.0313851833343506 285
1766229220784 1.0320314168930054 286
1766229220794 1.0146583318710327 287
1766229220804 1.0333560705184937 288
1766229220814 1.0170049667358398 289
1766229220825 1.0323917865753174 290
1766229220834 1.0119577646255493 291
1766229220845 1.0276029109954834 292
1766229220855 1.0194624662399292 293
1766229220865 1.0123202800750732 294
1766229220877 1.0445131063461304 295
1766229220887 1.0432076454162598 296
1766229220898 1.0460407733917236 297
1766229220908 1.0473560094833374 298
1766229220919 1.0102964639663696 299
1766229220929 1.0252257585525513 300
1766229221579 1.0249714851379395 301
1766229221589 0.9939838647842407 302
1766229221600 1.0180859565734863 303
1766229221611 1.0255095958709717 304
1766229221622 1.0278255939483643 305
1766229221632 1.0470314025878906 306
1766229221643 1.0186264514923096 307
1766229221653 1.0253136157989502 308
1766229221664 1.0048332214355469 309
1766229221675 1.0254905223846436 310
1766229221686 0.9941518306732178 311
1766229221696 0.9996667504310608 312
1766229221707 1.0248619318008423 313
1766229221717 1.0194956064224243 314
1766229221728 1.010899543762207 315
1766229221739 1.0341076850891113 316
1766229221749 1.0327634811401367 317
1766229221760 1.0096096992492676 318
1766229221771 1.0216087102890015 319
1766229221781 1.0118460655212402 320
1766229222432 1.0284547805786133 321
1766229222442 1.014509916305542 322
1766229222453 0.9964489340782166 323
1766229222464 1.034010648727417 324
1766229222474 1.0089025497436523 325
1766229222485 1.014695405960083 326
1766229222496 1.0358378887176514 327
1766229222508 1.0188548564910889 328
1766229222518 1.039462924003601 329
1766229222529 1.018632411956787 330
1766229222540 1.0156166553497314 331
1766229222550 0.9981191754341125 332
1766229222561 1.0309664011001587 333
1766229222571 1.0239760875701904 334
1766229222581 1.0168347358703613 335
1766229222590 1.0244734287261963 336
1766229222600 1.0249311923980713 337
1766229222609 1.00168776512146 338
1766229222619 1.0256702899932861 339
1766229222632 1.0518105030059814 340
1766229223293 1.0330833196640015 341
1766229223303 1.0262641906738281 342
1766229223313 1.0236754417419434 343
1766229223319 1.0351223945617676 344
1766229223326 1.015885829925537 345
1766229223334 1.022367000579834 346
1766229223344 1.0397138595581055 347
1766229223351 1.0182541608810425 348
1766229223358 1.0238406658172607 349
1766229223364 1.024962067604065 350
1766229223373 1.0225520133972168 351
1766229223383 1.0300121307373047 352
1766229223392 1.041363000869751 353
1766229223398 1.0386731624603271 354
1766229223405 1.038346529006958 355
1766229223411 1.0163822174072266 356
1766229223417 1.0420629978179932 357
1766229223423 1.0210847854614258 358
1766229223433 1.0187501907348633 359
1766229223442 1.0129643678665161 360
1766229224023 1.0317286252975464 361
1766229224030 0.9993058443069458 362
1766229224040 1.026963472366333 363
1766229224049 1.0527915954589844 364
1766229224056 0.9955043792724609 365
1766229224063 1.0314561128616333 366
1766229224070 1.021360158920288 367
1766229224077 1.0361096858978271 368
1766229224087 1.0218807458877563 369
1766229224097 1.0086610317230225 370
1766229224106 1.0278189182281494 371
1766229224113 1.0199384689331055 372
1766229224124 1.050616979598999 373
1766229224134 0.987396240234375 374
1766229224141 1.004547357559204 375
1766229224147 1.016568899154663 376
1766229224154 1.030648112297058 377
1766229224161 1.0321840047836304 378
1766229224168 1.0427215099334717 379
1766229224175 1.0232819318771362 380
1766229224726 1.0070104598999023 381
1766229224738 1.0353657007217407 382
1766229224749 0.9877004623413086 383
1766229224760 1.0125759840011597 384
1766229224771 1.0101313591003418 385
1766229224783 1.0320897102355957 386
1766229224794 1.0178555250167847 387
1766229224805 1.0299547910690308 388
1766229224817 1.027587890625 389
1766229224828 0.9898134469985962 390
1766229224838 1.018268346786499 391
1766229224851 0.9993385076522827 392
1766229224862 0.9990137219429016 393
1766229224872 1.0026025772094727 394
1766229224883 1.0137650966644287 395
1766229224895 1.0358142852783203 396
1766229224906 1.0545567274093628 397
1766229224917 1.038576364517212 398
1766229224929 1.0278807878494263 399
1766229224940 1.0017588138580322 400
1766229225611 1.038007378578186 401
1766229225623 1.009645938873291 402
1766229225635 1.0094906091690063 403
1766229225645 1.027832269668579 404
1766229225655 1.0462384223937988 405
1766229225665 1.0358946323394775 406
1766229225675 1.0222020149230957 407
1766229225685 1.026063323020935 408
1766229225696 1.0107762813568115 409
1766229225708 1.000814437866211 410
1766229225719 1.020094633102417 411
1766229225730 1.0239393711090088 412
1766229225741 1.0114305019378662 413
1766229225753 0.9857029318809509 414
1766229225765 0.9963639378547668 415
1766229225778 1.0315649509429932 416
1766229225789 0.9965276718139648 417
1766229225800 0.9936524629592896 418
1766229225811 1.0413177013397217 419
1766229225823 1.035895586013794 420
1766229226485 1.0291187763214111 421
1766229226496 1.0194064378738403 422
1766229226508 1.001131296157837 423
1766229226519 1.0289266109466553 424
1766229226529 1.0291335582733154 425
1766229226540 1.0237555503845215 426
1766229226552 1.0245206356048584 427
1766229226562 1.0127774477005005 428
1766229226572 1.0249619483947754 429
1766229226583 1.0441091060638428 430
1766229226594 1.0151052474975586 431
1766229226604 1.0114400386810303 432
1766229226615 1.0067038536071777 433
1766229226626 0.9934224486351013 434
1766229226638 1.032052993774414 435
1766229226648 1.0262484550476074 436
1766229226657 1.013549566268921 437
1766229226667 1.0031558275222778 438
1766229226677 1.0081647634506226 439
1766229226688 1.029907464981079 440
1766229227339 1.015367031097412 441
1766229227349 0.9993487000465393 442
1766229227360 1.0179975032806396 443
1766229227370 1.0177905559539795 444
1766229227381 1.0137056112289429 445
1766229227390 1.0384681224822998 446
1766229227400 0.9882469773292542 447
1766229227410 1.0342702865600586 448
1766229227420 1.0054404735565186 449
1766229227431 1.0119308233261108 450
1766229227441 1.0436272621154785 451
1766229227451 1.027752161026001 452
1766229227462 1.0203790664672852 453
1766229227472 1.0078320503234863 454
1766229227483 1.0280373096466064 455
1766229227493 1.0257573127746582 456
1766229227505 1.0008937120437622 457
1766229227515 1.0090744495391846 458
1766229227527 1.0066099166870117 459
1766229227537 1.0366504192352295 460
1766229228184 1.0112390518188477 461
1766229228194 1.0090895891189575 462
1766229228205 0.9875733256340027 463
1766229228215 1.032174825668335 464
1766229228226 0.9956663846969604 465
1766229228237 1.0263617038726807 466
1766229228248 0.9890255928039551 467
1766229228259 1.007218360900879 468
1766229228270 1.017862319946289 469
1766229228282 1.028573989868164 470
1766229228293 1.0120497941970825 471
1766229228304 1.0250835418701172 472
1766229228315 1.0227198600769043 473
1766229228325 1.0163195133209229 474
1766229228337 1.038360834121704 475
1766229228347 1.0227532386779785 476
1766229228358 0.9998994469642639 477
1766229228369 1.0233330726623535 478
1766229228379 1.0187455415725708 479
1766229228390 1.0169849395751953 480
1766229229042 1.0203523635864258 481
1766229229052 1.0173872709274292 482
1766229229063 1.0480260848999023 483
1766229229074 1.0196709632873535 484
1766229229085 0.9932559728622437 485
1766229229095 1.0034821033477783 486
1766229229106 1.0087943077087402 487
1766229229117 1.025651454925537 488
1766229229130 1.0102581977844238 489
1766229229140 1.0159286260604858 490
1766229229151 0.9965735077857971 491
1766229229162 1.0049350261688232 492
1766229229172 0.9755403995513916 493
1766229229183 1.0140905380249023 494
1766229229193 0.9965856671333313 495
1766229229204 0.9976029396057129 496
1766229229215 1.0127220153808594 497
1766229229225 1.006446123123169 498
1766229229236 1.008864164352417 499
1766229229248 1.0194002389907837 500
1766229229899 0.985141932964325 501
1766229229911 1.0094399452209473 502
1766229229923 1.0244338512420654 503
1766229229933 1.0235660076141357 504
1766229229944 1.0082083940505981 505
1766229229955 1.0068098306655884 506
1766229229966 1.0109378099441528 507
1766229229977 1.014366626739502 508
1766229229989 0.9932107925415039 509
1766229230000 1.0214990377426147 510
1766229230011 0.9906484484672546 511
1766229230022 1.0103144645690918 512
1766229230033 1.0304718017578125 513
1766229230044 1.0118893384933472 514
1766229230055 1.0078058242797852 515
1766229230067 1.0095219612121582 516
1766229230077 1.0090959072113037 517
1766229230089 1.020587682723999 518
1766229230100 1.0332176685333252 519
1766229230111 0.990821361541748 520
1766229230762 1.0045599937438965 521
1766229230772 0.9777126312255859 522
1766229230783 1.009706974029541 523
1766229230793 1.0109837055206299 524
1766229230805 1.0075130462646484 525
1766229230816 1.0162922143936157 526
1766229230826 1.0129079818725586 527
1766229230836 1.001495361328125 528
1766229230847 1.0111680030822754 529
1766229230857 1.007150411605835 530
1766229230868 1.029421329498291 531
1766229230878 1.0102715492248535 532
1766229230890 1.025376319885254 533
1766229230901 1.0073692798614502 534
1766229230912 0.9952511787414551 535
1766229230923 1.0354938507080078 536
1766229230933 0.9868927001953125 537
1766229230944 1.0236551761627197 538
1766229230955 1.003904104232788 539
1766229230965 0.9813389182090759 540
1766229231626 1.0317624807357788 541
1766229231636 1.011806845664978 542
1766229231646 1.00393807888031 543
1766229231656 1.0040761232376099 544
1766229231666 1.0299099683761597 545
1766229231676 0.9931788444519043 546
1766229231685 1.0026938915252686 547
1766229231695 1.0209219455718994 548
1766229231705 1.0148671865463257 549
1766229231715 1.0164079666137695 550
1766229231727 1.0275330543518066 551
1766229231738 0.9879317283630371 552
1766229231748 1.0143729448318481 553
1766229231759 0.9925605058670044 554
1766229231770 1.0085973739624023 555
1766229231781 0.9779819846153259 556
1766229231792 1.0157873630523682 557
1766229231803 1.0193721055984497 558
1766229231813 1.0086710453033447 559
1766229231825 1.019680380821228 560
1766229232478 1.0054186582565308 561
1766229232489 1.0423938035964966 562
1766229232500 1.0098888874053955 563
1766229232511 1.0121173858642578 564
1766229232521 1.0275373458862305 565
1766229232532 1.0276057720184326 566
1766229232543 0.9847970604896545 567
1766229232554 0.9941663146018982 568
1766229232565 1.016938328742981 569
1766229232576 1.0232319831848145 570
1766229232588 0.9792429208755493 571
1766229232598 1.00706946849823 572
1766229232609 0.9912110567092896 573
1766229232619 1.018073558807373 574
1766229232630 1.0085234642028809 575
1766229232641 1.0038255453109741 576
1766229232652 1.0119330883026123 577
1766229232663 0.9910030364990234 578
1766229232673 0.9870083332061768 579
1766229232683 1.0187625885009766 580
1766229233333 1.0290213823318481 581
1766229233343 1.0167388916015625 582
1766229233353 1.0109786987304688 583
1766229233363 1.0166233777999878 584
1766229233374 0.9995929598808289 585
1766229233384 1.012859582901001 586
1766229233394 1.024659514427185 587
1766229233404 1.0123581886291504 588
1766229233415 1.0256812572479248 589
1766229233426 1.0053919553756714 590
1766229233437 1.0091466903686523 591
1766229233448 1.023249626159668 592
1766229233458 1.026495099067688 593
1766229233469 0.9977396726608276 594
1766229233480 1.003462791442871 595
1766229233492 0.997787356376648 596
1766229233503 1.0101484060287476 597
1766229233513 0.9983665943145752 598
1766229233524 1.0257916450500488 599
1766229233535 1.0177738666534424 600
1766229234176 1.0219792127609253 601
1766229234187 1.009329915046692 602
1766229234197 0.9973585605621338 603
1766229234208 0.9901505708694458 604
1766229234221 1.011673927307129 605
1766229234231 1.0354697704315186 606
1766229234241 1.0107495784759521 607
1766229234251 1.006390929222107 608
1766229234260 0.9876431822776794 609
1766229234271 0.9963481426239014 610
1766229234281 1.005631923675537 611
1766229234292 1.0071637630462646 612
1766229234302 1.027174711227417 613
1766229234312 1.0016694068908691 614
1766229234321 1.009117841720581 615
1766229234331 1.0199329853057861 616
1766229234341 1.0231178998947144 617
1766229234350 0.9818543195724487 618
1766229234360 1.0085608959197998 619
1766229234371 1.016746997833252 620
1766229234967 0.9958471059799194 621
1766229234978 1.009997844696045 622
1766229234989 1.0193076133728027 623
1766229234999 0.998481810092926 624
1766229235009 1.01922607421875 625
1766229235019 1.003760814666748 626
1766229235030 1.0045020580291748 627
1766229235042 1.0057834386825562 628
1766229235054 0.9991443157196045 629
1766229235064 1.0303502082824707 630
1766229235075 0.9973644614219666 631
1766229235086 1.034301519393921 632
1766229235096 1.0138132572174072 633
1766229235108 1.0066652297973633 634
1766229235118 1.0305368900299072 635
1766229235129 0.9896324872970581 636
1766229235139 0.9973236322402954 637
1766229235149 0.9919232130050659 638
1766229235159 0.9944559931755066 639
1766229235170 0.9779763221740723 640
1766229235852 0.9828324913978577 641
1766229235864 0.9795480966567993 642
1766229235876 1.000162124633789 643
1766229235888 0.9844896793365479 644
1766229235900 0.9832468032836914 645
1766229235911 0.9975826740264893 646
1766229235922 1.0097795724868774 647
1766229235933 1.0112863779067993 648
1766229235945 1.015190601348877 649
1766229235955 0.9921329021453857 650
1766229235965 1.0148307085037231 651
1766229235977 1.0099296569824219 652
1766229235987 1.0055952072143555 653
1766229235997 1.0153992176055908 654
1766229236007 0.9759017825126648 655
1766229236019 1.0192337036132812 656
1766229236029 1.0177522897720337 657
1766229236040 1.0338350534439087 658
1766229236051 0.9961903095245361 659
1766229236064 0.9773539304733276 660
1766229236725 1.0191905498504639 661
1766229236736 0.9798590540885925 662
1766229236748 1.0093164443969727 663
1766229236761 1.0015034675598145 664
1766229236772 1.0395209789276123 665
1766229236782 1.0058356523513794 666
1766229236794 1.015655755996704 667
1766229236804 0.9987082481384277 668
1766229236814 0.9973328709602356 669
1766229236825 1.0023480653762817 670
1766229236836 1.0005216598510742 671
1766229236848 0.9974601864814758 672
1766229236859 1.0050684213638306 673
1766229236869 0.9816083908081055 674
1766229236880 1.0009522438049316 675
1766229236891 0.9990007877349854 676
1766229236903 1.0139329433441162 677
1766229236913 0.9915011525154114 678
1766229236926 1.0199040174484253 679
1766229236936 1.0084724426269531 680
1766229237592 1.014683723449707 681
1766229237604 1.0151687860488892 682
1766229237615 1.0087635517120361 683
1766229237627 0.9999992847442627 684
1766229237639 1.0181143283843994 685
1766229237651 1.0102348327636719 686
1766229237662 1.0077767372131348 687
1766229237673 1.0198938846588135 688
1766229237683 0.9965283870697021 689
1766229237695 0.9852417707443237 690
1766229237706 1.0246766805648804 691
1766229237718 0.9888129234313965 692
1766229237729 1.0064153671264648 693
1766229237739 1.0028859376907349 694
1766229237750 1.0170001983642578 695
1766229237761 1.0007562637329102 696
1766229237772 1.0151877403259277 697
1766229237783 0.9803800582885742 698
1766229237795 1.014173150062561 699
1766229237805 1.004910945892334 700
1766229238452 1.0051770210266113 701
1766229238462 1.004967212677002 702
1766229238472 0.9805154204368591 703
1766229238483 1.0143845081329346 704
1766229238493 0.9985397458076477 705
1766229238503 0.9993674159049988 706
1766229238513 1.0378901958465576 707
1766229238523 0.9777507781982422 708
1766229238533 0.982367992401123 709
1766229238543 0.9930374622344971 710
1766229238552 0.9827876091003418 711
1766229238563 1.0175244808197021 712
1766229238575 0.9961085319519043 713
1766229238587 1.0018457174301147 714
1766229238597 0.9882732629776001 715
1766229238606 0.988183856010437 716
1766229238616 1.0073881149291992 717
1766229238628 1.0210434198379517 718
1766229238638 0.9966273307800293 719
1766229238648 1.0306127071380615 720
1766229239304 0.9985263347625732 721
1766229239314 1.003423810005188 722
1766229239325 1.0266709327697754 723
1766229239336 0.9980891942977905 724
1766229239347 1.016540765762329 725
1766229239358 1.006380558013916 726
1766229239369 1.0122740268707275 727
1766229239381 1.0073953866958618 728
1766229239393 1.0015785694122314 729
1766229239408 1.008121371269226 730
1766229239420 0.9870871901512146 731
1766229239431 0.995891809463501 732
1766229239444 0.9936175346374512 733
1766229239454 0.9917460680007935 734
1766229239465 1.0111939907073975 735
1766229239476 0.9850811958312988 736
1766229239486 1.0032522678375244 737
1766229239499 1.001752257347107 738
1766229239510 1.015014410018921 739
1766229239521 1.012977123260498 740
1766229240206 1.0135539770126343 741
1766229240216 1.0141069889068604 742
1766229240228 1.013584017753601 743
1766229240239 1.0288647413253784 744
1766229240250 1.0055798292160034 745
1766229240262 0.9778242111206055 746
1766229240274 1.011598825454712 747
1766229240284 1.031485915184021 748
1766229240296 1.021445393562317 749
1766229240307 0.9887427091598511 750
1766229240318 1.0319637060165405 751
1766229240329 1.0220286846160889 752
1766229240339 1.0320956707000732 753
1766229240350 0.9836033582687378 754
1766229240361 1.0113160610198975 755
1766229240372 0.969387948513031 756
1766229240382 0.9921919703483582 757
1766229240395 0.9848922491073608 758
1766229240405 0.9792543649673462 759
1766229240417 1.0026893615722656 760
1766229241079 0.9994164705276489 761
1766229241090 0.9855964779853821 762
1766229241100 0.9786458015441895 763
1766229241110 1.0263714790344238 764
1766229241121 1.0098932981491089 765
1766229241131 0.9940491914749146 766
1766229241141 0.9888154864311218 767
1766229241151 0.9940338730812073 768
1766229241161 1.007525086402893 769
1766229241173 1.0155543088912964 770
1766229241183 0.9855871200561523 771
1766229241193 1.0044077634811401 772
1766229241203 0.9926363229751587 773
1766229241214 0.9905987977981567 774
1766229241224 0.9735949039459229 775
1766229241235 1.027178168296814 776
1766229241246 0.982054591178894 777
1766229241257 0.9946992993354797 778
1766229241268 1.002937912940979 779
1766229241279 1.0173157453536987 780
1766229241953 1.0051428079605103 781
1766229241963 0.9855592250823975 782
1766229241973 1.0092964172363281 783
1766229241984 1.0035374164581299 784
1766229241994 0.9868569374084473 785
1766229242007 1.0349674224853516 786
1766229242018 0.9728494882583618 787
1766229242028 1.0206035375595093 788
1766229242039 1.0090765953063965 789
1766229242050 0.9797896146774292 790
1766229242060 1.0394833087921143 791
1766229242071 1.0013231039047241 792
1766229242081 0.9982098937034607 793
1766229242091 1.0179173946380615 794
1766229242101 1.007908582687378 795
1766229242111 1.0066968202590942 796
1766229242120 1.0229729413986206 797
1766229242133 0.9813716411590576 798
1766229242144 0.985771656036377 799
1766229242155 0.9807672500610352 800
1766229242831 0.9685575366020203 801
1766229242841 0.9873714447021484 802
1766229242853 1.0150585174560547 803
1766229242863 1.0022555589675903 804
1766229242873 0.9943873882293701 805
1766229242884 0.9961668848991394 806
1766229242894 0.9967935681343079 807
1766229242905 1.0144939422607422 808
1766229242915 0.9847931861877441 809
1766229242925 0.9855591058731079 810
1766229242935 0.9936739802360535 811
1766229242946 0.9905688762664795 812
1766229242957 1.0104730129241943 813
1766229242967 1.0040730237960815 814
1766229242977 0.9883387088775635 815
1766229242987 0.9929190874099731 816
1766229242997 0.9856629371643066 817
1766229243007 1.0269747972488403 818
1766229243018 1.0052108764648438 819
1766229243027 0.9982697367668152 820
1766229243710 0.9958858489990234 821
1766229243721 0.988756537437439 822
1766229243732 1.00058913230896 823
1766229243742 0.9934554100036621 824
1766229243753 1.0112972259521484 825
1766229243763 1.0062817335128784 826
1766229243775 1.0057592391967773 827
1766229243785 0.9886800050735474 828
1766229243795 1.003098964691162 829
1766229243805 1.007730484008789 830
1766229243816 1.018904685974121 831
1766229243826 1.0030874013900757 832
1766229243836 1.0135889053344727 833
1766229243847 1.0089654922485352 834
1766229243858 0.9966976642608643 835
1766229243868 1.0115635395050049 836
1766229243880 1.0082459449768066 837
1766229243892 1.0146937370300293 838
1766229243903 0.9897440671920776 839
1766229243913 1.0164873600006104 840
1766229244568 0.9760943651199341 841
1766229244579 1.0082688331604004 842
1766229244589 1.0280238389968872 843
1766229244601 1.0039417743682861 844
1766229244611 0.9955403804779053 845
1766229244621 1.0013179779052734 846
1766229244632 1.004349946975708 847
1766229244643 0.9921894073486328 848
1766229244654 0.972161054611206 849
1766229244665 1.0100688934326172 850
1766229244675 0.9822424650192261 851
1766229244685 0.996474027633667 852
1766229244695 1.0072122812271118 853
1766229244706 1.0049657821655273 854
1766229244716 1.0152148008346558 855
1766229244726 0.9903578758239746 856
1766229244737 1.005489706993103 857
1766229244748 0.9941923022270203 858
1766229244758 0.9981541633605957 859
1766229244768 1.0205327272415161 860
1766229245454 0.9719741940498352 861
1766229245464 1.0075488090515137 862
1766229245474 1.0436547994613647 863
1766229245484 0.9967288970947266 864
1766229245495 1.0215318202972412 865
1766229245506 0.9838448762893677 866
1766229245515 1.0129907131195068 867
1766229245526 0.9589099884033203 868
1766229245535 1.0120718479156494 869
1766229245545 0.9981352686882019 870
1766229245555 0.9964993596076965 871
1766229245567 1.0184392929077148 872
1766229245577 1.0010607242584229 873
1766229245587 0.9824104309082031 874
1766229245596 0.9836474657058716 875
1766229245607 1.0126920938491821 876
1766229245617 1.0164639949798584 877
1766229245629 0.9947906732559204 878
1766229245641 1.005324125289917 879
1766229245652 0.9920878410339355 880
1766229246345 1.0275020599365234 881
1766229246362 1.0116543769836426 882
1766229246373 1.007192611694336 883
1766229246384 1.0180572271347046 884
1766229246396 1.0115160942077637 885
1766229246407 0.9723604321479797 886
1766229246417 1.0070581436157227 887
1766229246428 1.0125563144683838 888
1766229246438 1.0148472785949707 889
1766229246448 1.0064969062805176 890
1766229246459 0.9949578642845154 891
1766229246469 1.0007445812225342 892
1766229246480 1.0033316612243652 893
1766229246491 1.0020909309387207 894
1766229246502 1.0276808738708496 895
1766229246513 1.0116480588912964 896
1766229246523 0.9908296465873718 897
1766229246533 0.9862453937530518 898
1766229246544 0.9809405207633972 899
1766229246554 1.0042693614959717 900
1766229247220 1.0090101957321167 901
1766229247230 1.0359876155853271 902
1766229247241 0.9928445816040039 903
1766229247251 0.9872424006462097 904
1766229247262 1.0049514770507812 905
1766229247272 1.0142498016357422 906
1766229247282 0.9845467209815979 907
1766229247292 1.0100702047348022 908
1766229247303 0.9886055588722229 909
1766229247313 0.9906725883483887 910
1766229247325 0.9964619874954224 911
1766229247337 1.0052192211151123 912
1766229247348 0.997420072555542 913
1766229247359 1.0096229314804077 914
1766229247371 1.0078363418579102 915
1766229247382 1.0305768251419067 916
1766229247393 0.999204695224762 917
1766229247403 1.0105094909667969 918
1766229247413 1.024104356765747 919
1766229247424 1.0018380880355835 920
1766229248090 0.9943821430206299 921
1766229248101 1.0149214267730713 922
1766229248111 0.9971637725830078 923
1766229248123 1.0162723064422607 924
1766229248133 1.0010558366775513 925
1766229248143 0.9852780699729919 926
1766229248153 0.9814698100090027 927
1766229248163 1.0000836849212646 928
1766229248173 0.995349645614624 929
1766229248182 0.9905337691307068 930
1766229248194 1.009570837020874 931
1766229248204 1.0001507997512817 932
1766229248215 1.0014262199401855 933
1766229248227 0.969953179359436 934
1766229248238 0.9609565138816833 935
1766229248249 0.9987869262695312 936
1766229248265 1.0126080513000488 937
1766229248275 1.0121773481369019 938
1766229248284 0.9887630939483643 939
1766229248296 1.0091595649719238 940
1766229248955 1.000486135482788 941
1766229248966 1.0204758644104004 942
1766229248976 0.9890615940093994 943
1766229248986 1.0129764080047607 944
1766229248996 0.9674157500267029 945
1766229249006 1.0091485977172852 946
1766229249017 0.9893964529037476 947
1766229249027 0.9740045070648193 948
1766229249037 1.0149025917053223 949
1766229249048 1.0048034191131592 950
1766229249058 1.0103983879089355 951
1766229249068 0.9978336095809937 952
1766229249077 0.9950246810913086 953
1766229249087 1.013658046722412 954
1766229249097 1.001434326171875 955
1766229249109 0.9999948740005493 956
1766229249119 1.0132389068603516 957
1766229249129 0.995459794998169 958
1766229249140 0.975959300994873 959
1766229249150 1.0125532150268555 960
1766229249799 1.0063140392303467 961
1766229249810 1.017003059387207 962
1766229249820 1.0028765201568604 963
1766229249831 0.9994704723358154 964
1766229249843 1.0221524238586426 965
1766229249855 1.0048062801361084 966
1766229249867 1.009200930595398 967
1766229249879 0.9973406791687012 968
1766229249891 0.9878449440002441 969
1766229249903 0.972777783870697 970
1766229249918 0.9935458302497864 971
1766229249933 0.9919784069061279 972
1766229249945 1.0025557279586792 973
1766229249955 0.9705823659896851 974
1766229249965 1.0000232458114624 975
1766229249977 0.9710304737091064 976
1766229249987 1.0122137069702148 977
1766229249997 0.996085524559021 978
1766229250009 1.0130611658096313 979
1766229250019 1.0000269412994385 980
1766229250678 0.9976822733879089 981
1766229250688 1.023550033569336 982
1766229250698 1.011469841003418 983
1766229250707 0.9954497814178467 984
1766229250717 0.9770004749298096 985
1766229250727 1.0038225650787354 986
1766229250737 1.023216724395752 987
1766229250746 1.0091750621795654 988
1766229250756 0.9865756034851074 989
1766229250766 0.9655987024307251 990
1766229250776 1.000156044960022 991
1766229250785 1.013946533203125 992
1766229250795 1.0032308101654053 993
1766229250806 0.979327917098999 994
1766229250817 0.9810236692428589 995
1766229250826 0.9939897060394287 996
1766229250836 1.008239507675171 997
1766229250846 1.0016292333602905 998
1766229250856 1.0094544887542725 999
1766229250866 0.9836719632148743 1000
1766229251425 0.9902635812759399 1001
1766229251433 1.0135881900787354 1002
1766229251440 0.9689397811889648 1003
1766229251450 0.9994456171989441 1004
1766229251461 0.9779268503189087 1005
1766229251475 1.0128371715545654 1006
1766229251486 0.9823142290115356 1007
1766229251494 1.0066108703613281 1008
1766229251500 0.989175021648407 1009
1766229251509 1.0241996049880981 1010
1766229251519 0.9855359792709351 1011
1766229251527 1.0013341903686523 1012
1766229251535 1.005761742591858 1013
1766229251544 0.9846973419189453 1014
1766229251551 1.0147298574447632 1015
1766229251561 0.994708776473999 1016
1766229251571 0.9920633435249329 1017
1766229251581 0.9774647951126099 1018
1766229251589 0.9713889360427856 1019
1766229251598 0.9820184111595154 1020
1766229252187 1.0189205408096313 1021
1766229252197 0.9793659448623657 1022
1766229252209 1.007331132888794 1023
1766229252220 1.00044584274292 1024
1766229252231 0.9935258626937866 1025
1766229252243 0.9821171760559082 1026
1766229252255 0.9717660546302795 1027
1766229252267 1.0040907859802246 1028
1766229252277 0.9864460229873657 1029
1766229252287 1.0344406366348267 1030
1766229252300 0.9890589118003845 1031
1766229252314 1.00753653049469 1032
1766229252325 0.9921188354492188 1033
1766229252341 0.9955658912658691 1034
1766229252353 0.9960923790931702 1035
1766229252364 1.005786418914795 1036
1766229252374 1.0095630884170532 1037
1766229252387 1.0142347812652588 1038
1766229252398 1.0154664516448975 1039
1766229252412 0.9762156009674072 1040
1766229253077 1.012995958328247 1041
1766229253088 1.0030804872512817 1042
1766229253098 1.0240236520767212 1043
1766229253108 0.9892449975013733 1044
1766229253118 1.001159429550171 1045
1766229253128 1.0270323753356934 1046
1766229253140 1.0011718273162842 1047
1766229253150 0.9795961380004883 1048
1766229253161 0.9795016646385193 1049
1766229253171 1.0251636505126953 1050
1766229253181 0.9993865489959717 1051
1766229253191 1.0136971473693848 1052
1766229253200 1.0040583610534668 1053
1766229253210 0.9895201325416565 1054
1766229253220 1.0001975297927856 1055
1766229253231 0.9971255660057068 1056
1766229253242 0.9937554597854614 1057
1766229253252 0.9761164784431458 1058
1766229253261 0.9613833427429199 1059
1766229253272 0.9833389520645142 1060
1766229253949 1.0064204931259155 1061
1766229253960 0.9777244329452515 1062
1766229253970 0.9893709421157837 1063
1766229253981 0.9901418685913086 1064
1766229253992 0.9770651459693909 1065
1766229254002 0.9994134902954102 1066
1766229254014 1.013580322265625 1067
1766229254024 0.9939329624176025 1068
1766229254034 1.026121973991394 1069
1766229254044 0.968291163444519 1070
1766229254055 0.9984884262084961 1071
1766229254065 0.9850587248802185 1072
1766229254075 1.016685128211975 1073
1766229254085 0.9814929366111755 1074
1766229254096 1.020765781402588 1075
1766229254106 0.9905587434768677 1076
1766229254118 0.9960857629776001 1077
1766229254128 0.9872546792030334 1078
1766229254140 1.0250535011291504 1079
1766229254152 0.9967880845069885 1080
1766229254801 1.0160300731658936 1081
1766229254811 1.032053828239441 1082
1766229254822 1.0188192129135132 1083
1766229254834 1.0309958457946777 1084
1766229254846 1.0053647756576538 1085
1766229254856 0.9740648865699768 1086
1766229254867 0.9987950325012207 1087
1766229254879 0.9870999455451965 1088
1766229254889 1.0029751062393188 1089
1766229254901 0.9981333017349243 1090
1766229254912 1.0075809955596924 1091
1766229254924 1.0097100734710693 1092
1766229254936 0.9840255975723267 1093
1766229254947 1.0216639041900635 1094
1766229254959 0.9912444353103638 1095
1766229254969 1.0246779918670654 1096
1766229254982 0.9978145360946655 1097
1766229254993 0.9921103715896606 1098
1766229255004 0.970920205116272 1099
1766229255014 0.9939903020858765 1100
1766229255690 0.9920526146888733 1101
1766229255700 0.9952605366706848 1102
1766229255710 0.9929196834564209 1103
1766229255720 0.957282304763794 1104
1766229255729 1.0064959526062012 1105
1766229255739 0.9991803169250488 1106
1766229255750 1.0097147226333618 1107
1766229255760 1.0244646072387695 1108
1766229255770 0.9902472496032715 1109
1766229255780 1.0077589750289917 1110
1766229255791 0.9905556440353394 1111
1766229255801 1.0406482219696045 1112
1766229255812 1.0019892454147339 1113
1766229255823 1.0044851303100586 1114
1766229255834 0.9758303165435791 1115
1766229255845 1.0023877620697021 1116
1766229255857 1.010725498199463 1117
1766229255867 1.0056777000427246 1118
1766229255877 0.9875890016555786 1119
1766229255889 1.0214242935180664 1120
1766229256533 0.99772047996521 1121
1766229256543 0.9865403771400452 1122
1766229256553 1.0176645517349243 1123
1766229256563 1.0034253597259521 1124
1766229256574 1.002840280532837 1125
1766229256585 1.0201034545898438 1126
1766229256595 1.0173869132995605 1127
1766229256605 1.0025532245635986 1128
1766229256616 0.9922322034835815 1129
1766229256626 1.0090832710266113 1130
1766229256637 1.0157418251037598 1131
1766229256647 0.9680989980697632 1132
1766229256657 0.9896544218063354 1133
1766229256668 0.9891842007637024 1134
1766229256678 0.9831430912017822 1135
1766229256688 0.9984010457992554 1136
1766229256697 0.9960353970527649 1137
1766229256709 1.0083417892456055 1138
1766229256725 1.0153038501739502 1139
1766229256736 0.9946467876434326 1140
1766229257429 0.97857666015625 1141
1766229257440 1.0069236755371094 1142
1766229257452 1.0035855770111084 1143
1766229257463 0.9955506920814514 1144
1766229257475 0.9876366853713989 1145
1766229257485 0.9890564680099487 1146
1766229257496 0.9930306077003479 1147
1766229257506 1.000525951385498 1148
1766229257518 1.0064895153045654 1149
1766229257529 1.0064598321914673 1150
1766229257541 0.9860538244247437 1151
1766229257551 1.0021833181381226 1152
1766229257564 0.9994477033615112 1153
1766229257576 1.0070397853851318 1154
1766229257588 1.0104963779449463 1155
1766229257600 0.9905835390090942 1156
1766229257611 0.9994415640830994 1157
1766229257623 0.9735041856765747 1158
1766229257635 1.0213623046875 1159
1766229257646 0.9962815046310425 1160
1766229258314 1.0065603256225586 1161
1766229258325 0.998816728591919 1162
1766229258335 1.0153571367263794 1163
1766229258345 1.0187633037567139 1164
1766229258355 1.0093989372253418 1165
1766229258364 0.9996017217636108 1166
1766229258374 0.9777747392654419 1167
1766229258385 1.0127118825912476 1168
1766229258395 1.0098360776901245 1169
1766229258405 0.9600165486335754 1170
1766229258415 0.9946789741516113 1171
1766229258425 0.9916256666183472 1172
1766229258437 1.0074357986450195 1173
1766229258449 0.9879438281059265 1174
1766229258460 1.02213454246521 1175
1766229258471 0.9992113709449768 1176
1766229258482 0.9951248168945312 1177
1766229258493 0.9873803853988647 1178
1766229258503 1.0189656019210815 1179
1766229258514 0.9883345365524292 1180
1766229259169 1.0084290504455566 1181
1766229259179 0.9625541567802429 1182
1766229259190 1.0075490474700928 1183
1766229259201 0.9963372349739075 1184
1766229259215 0.9916156530380249 1185
1766229259225 1.006777286529541 1186
1766229259235 0.9706161022186279 1187
1766229259245 0.977249801158905 1188
1766229259254 0.990351676940918 1189
1766229259265 0.9930741190910339 1190
1766229259277 1.0043513774871826 1191
1766229259288 1.0291268825531006 1192
1766229259300 1.0150166749954224 1193
1766229259310 1.007747769355774 1194
1766229259321 1.0249837636947632 1195
1766229259333 0.9915666580200195 1196
1766229259344 1.008928656578064 1197
1766229259355 1.0165176391601562 1198
1766229259367 1.0171008110046387 1199
1766229259378 0.977811336517334 1200
1766229260040 0.9950859546661377 1201
1766229260050 1.0035820007324219 1202
1766229260060 1.0026922225952148 1203
1766229260070 0.9996715188026428 1204
1766229260082 0.9971529245376587 1205
1766229260091 0.9752378463745117 1206
1766229260103 0.9951512217521667 1207
1766229260114 0.9839322566986084 1208
1766229260126 0.9819830656051636 1209
1766229260136 1.0018302202224731 1210
1766229260148 1.0141092538833618 1211
1766229260159 0.9710085988044739 1212
1766229260171 1.0003085136413574 1213
1766229260181 1.00718355178833 1214
1766229260191 0.9899429082870483 1215
1766229260203 1.0228049755096436 1216
1766229260214 0.987097978591919 1217
1766229260225 0.9885656833648682 1218
1766229260235 1.0204753875732422 1219
1766229260244 0.9890775084495544 1220
1766229260933 0.999241054058075 1221
1766229260943 1.027371883392334 1222
1766229260953 0.985263466835022 1223
1766229260965 1.004244327545166 1224
1766229260977 0.9823710322380066 1225
1766229260987 0.9944025278091431 1226
1766229260997 0.9823042154312134 1227
1766229261007 1.0130321979522705 1228
1766229261017 0.994983434677124 1229
1766229261027 0.9734848737716675 1230
1766229261038 0.984723687171936 1231
1766229261049 1.004357099533081 1232
1766229261059 1.0116990804672241 1233
1766229261070 0.9975193738937378 1234
1766229261080 0.9880927205085754 1235
1766229261091 0.997438907623291 1236
1766229261102 0.9914635419845581 1237
1766229261112 1.002468228340149 1238
1766229261123 0.9951977729797363 1239
1766229261136 1.0016127824783325 1240
1766229261784 0.9751354455947876 1241
1766229261794 0.9752296209335327 1242
1766229261804 0.9803555011749268 1243
1766229261814 1.0047156810760498 1244
1766229261824 0.995469331741333 1245
1766229261834 0.9717603921890259 1246
1766229261845 0.9832391738891602 1247
1766229261855 0.9832355380058289 1248
1766229261866 1.025020956993103 1249
1766229261877 0.9896105527877808 1250
1766229261889 1.0024126768112183 1251
1766229261899 0.9831973314285278 1252
1766229261909 0.9689576625823975 1253
1766229261921 0.9834761619567871 1254
1766229261931 0.9974313974380493 1255
1766229261943 1.014291524887085 1256
1766229261953 1.0149617195129395 1257
1766229261964 0.9933518171310425 1258
1766229261975 1.0036776065826416 1259
1766229261990 0.9952592253684998 1260
1766229262669 1.0134994983673096 1261
1766229262679 1.0107125043869019 1262
1766229262689 0.9970264434814453 1263
1766229262699 0.9982392191886902 1264
1766229262710 0.9984908103942871 1265
1766229262719 0.9983987808227539 1266
1766229262729 0.9992988705635071 1267
1766229262739 1.0167959928512573 1268
1766229262748 1.0040743350982666 1269
1766229262758 0.9947532415390015 1270
1766229262768 1.003641963005066 1271
1766229262777 0.9863039255142212 1272
1766229262787 0.9938871264457703 1273
1766229262797 0.9905909299850464 1274
1766229262806 0.9937242269515991 1275
1766229262816 0.9858181476593018 1276
1766229262826 0.9769754409790039 1277
1766229262835 1.0131750106811523 1278
1766229262845 1.0007197856903076 1279
1766229262855 0.9889466762542725 1280
1766229263539 0.9882453680038452 1281
1766229263551 0.9817647933959961 1282
1766229263565 0.9880987405776978 1283
1766229263576 1.0141527652740479 1284
1766229263588 0.9736350178718567 1285
1766229263599 0.9864344000816345 1286
1766229263611 1.0175358057022095 1287
1766229263623 0.9919013381004333 1288
1766229263634 0.981248140335083 1289
1766229263645 1.0234975814819336 1290
1766229263657 0.9937890768051147 1291
1766229263669 0.960799515247345 1292
1766229263681 0.9844270348548889 1293
1766229263691 1.0175058841705322 1294
1766229263701 1.0005857944488525 1295
1766229263711 1.0033997297286987 1296
1766229263721 1.0020906925201416 1297
1766229263733 1.0097447633743286 1298
1766229263744 1.015310525894165 1299
1766229263754 1.022447109222412 1300
1766229264405 0.9955461025238037 1301
1766229264415 1.016334056854248 1302
1766229264425 0.9983971118927002 1303
1766229264437 1.0172730684280396 1304
1766229264448 1.0242300033569336 1305
1766229264459 0.9917869567871094 1306
1766229264470 1.0043315887451172 1307
1766229264481 1.0019218921661377 1308
1766229264491 0.9906250834465027 1309
1766229264501 1.001207709312439 1310
1766229264511 0.9942920207977295 1311
1766229264521 1.010919451713562 1312
1766229264531 0.9876996278762817 1313
1766229264542 1.0120341777801514 1314
1766229264552 1.00901460647583 1315
1766229264562 0.9973961114883423 1316
1766229264572 0.9783665537834167 1317
1766229264582 1.0172829627990723 1318
1766229264594 0.9876959919929504 1319
1766229264606 1.0015535354614258 1320
1766229265270 0.9620425701141357 1321
1766229265281 0.9899234175682068 1322
1766229265291 0.9963715672492981 1323
1766229265301 0.9927603006362915 1324
1766229265311 1.0009286403656006 1325
1766229265321 0.9819536209106445 1326
1766229265331 1.0083363056182861 1327
1766229265343 1.0057153701782227 1328
1766229265353 1.0202906131744385 1329
1766229265364 0.9900492429733276 1330
1766229265376 0.9856424331665039 1331
1766229265386 1.0144939422607422 1332
1766229265397 1.003572702407837 1333
1766229265408 0.988502562046051 1334
1766229265418 1.0177881717681885 1335
1766229265431 0.9968407154083252 1336
1766229265441 0.9968829154968262 1337
1766229265453 0.9807560443878174 1338
1766229265464 0.9771419167518616 1339
1766229265476 0.9881771206855774 1340
1766229266155 1.003164529800415 1341
1766229266166 0.9764271974563599 1342
1766229266176 0.9980451464653015 1343
1766229266186 1.0007609128952026 1344
1766229266197 0.9906356334686279 1345
1766229266207 0.9763126373291016 1346
1766229266219 0.9849933385848999 1347
1766229266228 1.0026910305023193 1348
1766229266242 1.0179980993270874 1349
1766229266252 0.9979233741760254 1350
1766229266262 1.0043895244598389 1351
1766229266273 0.9941879510879517 1352
1766229266283 1.0086274147033691 1353
1766229266293 0.986646294593811 1354
1766229266303 0.981182873249054 1355
1766229266313 1.0202598571777344 1356
1766229266324 1.007398009300232 1357
1766229266333 1.0181998014450073 1358
1766229266343 1.01949143409729 1359
1766229266355 0.9932113885879517 1360
1766229266995 0.9889981150627136 1361
1766229267006 1.016298532485962 1362
1766229267017 0.9921876788139343 1363
1766229267028 0.9810464382171631 1364
1766229267038 0.9949049353599548 1365
1766229267049 1.010911226272583 1366
1766229267059 1.0068557262420654 1367
1766229267069 1.0221707820892334 1368
1766229267082 0.9933182597160339 1369
1766229267092 0.9993100762367249 1370
1766229267102 1.0057804584503174 1371
1766229267112 1.002866268157959 1372
1766229267123 1.0372779369354248 1373
1766229267133 1.0018324851989746 1374
1766229267143 0.978625476360321 1375
1766229267154 1.0057636499404907 1376
1766229267164 1.01887845993042 1377
1766229267174 0.9885863065719604 1378
1766229267185 1.005298376083374 1379
1766229267195 0.9923104047775269 1380
1766229267840 0.9595277309417725 1381
1766229267849 0.9836763143539429 1382
1766229267859 0.9683103561401367 1383
1766229267870 0.9910874962806702 1384
1766229267880 0.9971061944961548 1385
1766229267890 0.9947971105575562 1386
1766229267900 0.992679238319397 1387
1766229267910 1.0010919570922852 1388
1766229267920 1.0264323949813843 1389
1766229267932 1.0012574195861816 1390
1766229267943 1.00040602684021 1391
1766229267954 0.9912729263305664 1392
1766229267964 0.9950303435325623 1393
1766229267974 0.9986385107040405 1394
1766229267985 1.0134323835372925 1395
1766229267995 1.017176628112793 1396
1766229268005 0.9852303862571716 1397
1766229268017 0.9899401664733887 1398
1766229268027 1.0029029846191406 1399
1766229268039 0.9994866847991943 1400
1766229268642 0.9957550764083862 1401
1766229268648 0.9739534854888916 1402
1766229268654 1.0113203525543213 1403
1766229268661 0.9951862096786499 1404
1766229268667 1.004474401473999 1405
1766229268673 1.0121521949768066 1406
1766229268685 0.9782110452651978 1407
1766229268695 1.0173335075378418 1408
1766229268705 0.9884121417999268 1409
1766229268711 0.992435097694397 1410
1766229268717 0.9828841686248779 1411
1766229268724 1.0143051147460938 1412
1766229268730 0.9800983667373657 1413
1766229268736 0.9809471368789673 1414
1766229268744 1.0002703666687012 1415
1766229268753 1.0065629482269287 1416
1766229268760 1.007301926612854 1417
1766229268767 1.0189863443374634 1418
1766229268774 1.0150516033172607 1419
1766229268781 0.9850728511810303 1420
1766229269451 1.0143088102340698 1421
1766229269461 0.9910719990730286 1422
1766229269475 0.9826804399490356 1423
1766229269486 0.999286413192749 1424
1766229269496 0.9883777499198914 1425
1766229269506 1.0047414302825928 1426
1766229269516 0.985910177230835 1427
1766229269525 1.0205979347229004 1428
1766229269535 0.9962766766548157 1429
1766229269545 0.9745544195175171 1430
1766229269557 0.994515597820282 1431
1766229269567 0.9853074550628662 1432
1766229269578 1.0091743469238281 1433
1766229269596 1.0156729221343994 1434
1766229269606 1.0025954246520996 1435
1766229269618 0.9869059324264526 1436
1766229269628 0.9881596565246582 1437
1766229269638 1.0028605461120605 1438
1766229269650 1.0017735958099365 1439
1766229269660 1.0051295757293701 1440
1766229270319 1.0024089813232422 1441
1766229270331 0.9775327444076538 1442
1766229270344 0.9960645437240601 1443
1766229270355 1.008346438407898 1444
1766229270367 0.9887214303016663 1445
1766229270378 1.0234986543655396 1446
1766229270389 0.9937076568603516 1447
1766229270401 0.9784632325172424 1448
1766229270411 0.9902569055557251 1449
1766229270422 0.9871607422828674 1450
1766229270433 1.0007784366607666 1451
1766229270444 0.9837908148765564 1452
1766229270455 1.0106070041656494 1453
1766229270465 0.9789403676986694 1454
1766229270477 1.0257251262664795 1455
1766229270487 1.0047789812088013 1456
1766229270500 1.0066266059875488 1457
1766229270512 0.9840791821479797 1458
1766229270524 1.0064985752105713 1459
1766229270535 1.0057852268218994 1460
1766229271187 0.9989559650421143 1461
1766229271198 1.00203537940979 1462
1766229271208 0.9788636565208435 1463
1766229271218 1.0080502033233643 1464
1766229271230 1.0167282819747925 1465
1766229271240 0.985113263130188 1466
1766229271250 0.9907140135765076 1467
1766229271260 0.9740505814552307 1468
1766229271270 0.9919509887695312 1469
1766229271280 0.9712200164794922 1470
1766229271291 1.0254544019699097 1471
1766229271301 1.0203008651733398 1472
1766229271311 0.9839879274368286 1473
1766229271321 0.9940170645713806 1474
1766229271332 0.9941383004188538 1475
1766229271342 1.000827670097351 1476
1766229271353 0.9922882914543152 1477
1766229271364 0.9972251653671265 1478
1766229271373 0.9813506603240967 1479
1766229271384 0.9888714551925659 1480
1766229272029 1.000891089439392 1481
1766229272042 1.019364356994629 1482
1766229272053 0.978545606136322 1483
1766229272063 1.0074971914291382 1484
1766229272073 1.0029278993606567 1485
1766229272083 1.0045689344406128 1486
1766229272095 0.9985392093658447 1487
1766229272105 1.019041657447815 1488
1766229272115 0.9833576679229736 1489
1766229272125 0.9851503372192383 1490
1766229272136 0.9786019325256348 1491
1766229272147 1.0045974254608154 1492
1766229272159 0.9769539833068848 1493
1766229272170 0.990263819694519 1494
1766229272180 0.9832763671875 1495
1766229272191 0.9823976755142212 1496
1766229272201 0.9884016513824463 1497
1766229272213 1.016005277633667 1498
1766229272223 1.0202922821044922 1499
1766229272232 1.0030906200408936 1500
1766229272891 0.9954075813293457 1501
1766229272901 0.9771883487701416 1502
1766229272911 0.9981038570404053 1503
1766229272921 1.00042724609375 1504
1766229272930 0.9965174794197083 1505
1766229272940 1.005156397819519 1506
1766229272950 1.0191481113433838 1507
1766229272960 1.0122401714324951 1508
1766229272970 0.9823201894760132 1509
1766229272980 0.9781817197799683 1510
1766229272989 1.0158259868621826 1511
1766229272999 1.0159473419189453 1512
1766229273009 1.0192012786865234 1513
1766229273019 0.9877208471298218 1514
1766229273029 1.0013684034347534 1515
1766229273039 0.9761881232261658 1516
1766229273049 0.9788220524787903 1517
1766229273058 0.9807502031326294 1518
1766229273068 0.9774762392044067 1519
1766229273078 0.9813225269317627 1520
1766229273670 1.0081509351730347 1521
1766229273682 1.0010955333709717 1522
1766229273694 1.0146644115447998 1523
1766229273705 1.0008169412612915 1524
1766229273716 1.0166480541229248 1525
1766229273727 1.0055956840515137 1526
1766229273736 0.9739925861358643 1527
1766229273748 0.9821160435676575 1528
1766229273759 1.0034732818603516 1529
1766229273770 0.9883314967155457 1530
1766229273781 0.9758296012878418 1531
1766229273792 0.9829728603363037 1532
1766229273803 0.9998619556427002 1533
1766229273814 0.9924190640449524 1534
1766229273826 1.0130512714385986 1535
1766229273841 1.0170459747314453 1536
1766229273851 0.9798740148544312 1537
1766229273862 1.0229699611663818 1538
1766229273874 1.007950782775879 1539
1766229273885 0.9916766881942749 1540
1766229274556 1.0100640058517456 1541
1766229274566 1.0024492740631104 1542
1766229274576 1.0012710094451904 1543
1766229274587 1.0043977499008179 1544
1766229274597 0.9845618009567261 1545
1766229274609 1.0185601711273193 1546
1766229274619 0.9815605878829956 1547
1766229274629 1.0295531749725342 1548
1766229274639 0.9958410859107971 1549
1766229274651 0.9977474212646484 1550
1766229274661 1.000583529472351 1551
1766229274672 0.9870123267173767 1552
1766229274683 0.9725764989852905 1553
1766229274695 0.9792104363441467 1554
1766229274705 0.9850183129310608 1555
1766229274715 0.9819697141647339 1556
1766229274725 0.9670896530151367 1557
1766229274735 1.0017644166946411 1558
1766229274745 1.0026960372924805 1559
1766229274754 0.9920836687088013 1560
1766229275459 1.01018488407135 1561
1766229275469 0.9811731576919556 1562
1766229275479 1.0029315948486328 1563
1766229275490 0.9901277422904968 1564
1766229275500 0.9646612405776978 1565
1766229275510 0.9922634959220886 1566
1766229275522 0.9717046618461609 1567
1766229275532 0.9983290433883667 1568
1766229275542 0.9976604580879211 1569
1766229275552 0.9811572432518005 1570
1766229275562 0.9905755519866943 1571
1766229275573 0.9865775108337402 1572
1766229275583 1.0025670528411865 1573
1766229275594 0.9973633885383606 1574
1766229275607 0.9787411689758301 1575
1766229275618 1.0091496706008911 1576
1766229275630 0.9939336776733398 1577
1766229275641 1.0005970001220703 1578
1766229275652 0.9780100584030151 1579
1766229275663 0.9646179676055908 1580
1766229276339 0.9928414225578308 1581
1766229276348 1.000874638557434 1582
1766229276359 0.9719144105911255 1583
1766229276369 1.0202234983444214 1584
1766229276378 1.001234769821167 1585
1766229276389 0.979016900062561 1586
1766229276400 1.0119541883468628 1587
1766229276410 1.0157201290130615 1588
1766229276420 0.9752010107040405 1589
1766229276430 1.0011597871780396 1590
1766229276440 1.009931206703186 1591
1766229276450 1.0194568634033203 1592
1766229276461 1.005258321762085 1593
1766229276472 1.0061577558517456 1594
1766229276484 1.0031566619873047 1595
1766229276494 0.9883931875228882 1596
1766229276505 0.9956384897232056 1597
1766229276515 0.9659968018531799 1598
1766229276525 1.0025629997253418 1599
1766229276536 0.9942476749420166 1600
1766229277213 0.9683400392532349 1601
1766229277224 1.003199815750122 1602
1766229277234 1.0234628915786743 1603
1766229277244 1.0013712644577026 1604
1766229277255 0.9847983717918396 1605
1766229277266 1.0033708810806274 1606
1766229277276 1.0106549263000488 1607
1766229277287 0.9943296909332275 1608
1766229277300 0.9942185878753662 1609
1766229277312 1.0044454336166382 1610
1766229277323 1.0018198490142822 1611
1766229277335 1.0134122371673584 1612
1766229277345 0.9781027436256409 1613
1766229277354 0.984919548034668 1614
1766229277365 0.9647476673126221 1615
1766229277375 1.020504355430603 1616
1766229277385 0.9881124496459961 1617
1766229277396 1.0280144214630127 1618
1766229277406 0.9825751185417175 1619
1766229277416 1.0027071237564087 1620
1766229278091 1.0244340896606445 1621
1766229278101 1.001664638519287 1622
1766229278111 0.9952098727226257 1623
1766229278121 1.019870638847351 1624
1766229278131 1.0030418634414673 1625
1766229278142 0.9918254017829895 1626
1766229278153 1.0127793550491333 1627
1766229278163 1.0197868347167969 1628
1766229278174 1.0201294422149658 1629
1766229278185 0.9877159595489502 1630
1766229278196 1.0051350593566895 1631
1766229278206 1.027198314666748 1632
1766229278217 0.9980374574661255 1633
1766229278227 0.984452486038208 1634
1766229278237 1.0273606777191162 1635
1766229278247 1.0201489925384521 1636
1766229278257 0.9867535829544067 1637
1766229278267 0.9861328601837158 1638
1766229278277 0.9993904232978821 1639
1766229278287 0.997925341129303 1640
1766229278934 0.983999490737915 1641
1766229278944 0.9918054342269897 1642
1766229278954 1.006091833114624 1643
1766229278966 1.0197103023529053 1644
1766229278977 1.0305404663085938 1645
1766229278987 0.991546630859375 1646
1766229278997 0.9893012046813965 1647
1766229279006 1.001370906829834 1648
1766229279016 0.9916554093360901 1649
1766229279027 0.9771758317947388 1650
1766229279038 0.9826583862304688 1651
1766229279048 1.0080243349075317 1652
1766229279059 1.0211950540542603 1653
1766229279069 0.9878795146942139 1654
1766229279081 1.000503420829773 1655
1766229279091 0.9846689105033875 1656
1766229279101 0.9979455471038818 1657
1766229279111 0.9966224431991577 1658
1766229279121 0.9984040260314941 1659
1766229279131 0.9933122396469116 1660
1766229279816 0.9730409979820251 1661
1766229279826 0.9940990805625916 1662
1766229279837 1.0007128715515137 1663
1766229279847 0.9971787929534912 1664
1766229279858 1.0153801441192627 1665
1766229279868 1.004546880722046 1666
1766229279879 0.9810376763343811 1667
1766229279891 0.9774307012557983 1668
1766229279902 0.9838171005249023 1669
1766229279912 0.996484637260437 1670
1766229279922 1.009676218032837 1671
1766229279934 0.9833715558052063 1672
1766229279944 0.9900289177894592 1673
1766229279954 1.0041797161102295 1674
1766229279964 0.9819810390472412 1675
1766229279974 1.0018701553344727 1676
1766229279984 0.9936171174049377 1677
1766229279994 0.9999239444732666 1678
1766229280005 1.0005252361297607 1679
1766229280015 0.9995090961456299 1680
1766229280671 0.9870094060897827 1681
1766229280681 0.9941092729568481 1682
1766229280691 0.992019534111023 1683
1766229280705 1.0016791820526123 1684
1766229280716 0.9933590888977051 1685
1766229280727 1.014944076538086 1686
1766229280738 0.9716610908508301 1687
1766229280749 0.99233478307724 1688
1766229280761 1.0065580606460571 1689
1766229280771 0.9980899095535278 1690
1766229280781 0.991599440574646 1691
1766229280792 0.9848068356513977 1692
1766229280802 1.0024845600128174 1693
1766229280812 0.9821650981903076 1694
1766229280823 0.9772144556045532 1695
1766229280833 0.983413577079773 1696
1766229280844 1.032404899597168 1697
1766229280854 0.9820284843444824 1698
1766229280864 0.9990373253822327 1699
1766229280874 1.0162279605865479 1700
1766229281524 0.9939613342285156 1701
1766229281534 1.0011658668518066 1702
1766229281544 0.9743328094482422 1703
1766229281555 0.9906094074249268 1704
1766229281565 1.0015945434570312 1705
1766229281575 1.0007034540176392 1706
1766229281586 0.9844886660575867 1707
1766229281597 0.9801334142684937 1708
1766229281610 0.9849882125854492 1709
1766229281620 0.994799017906189 1710
1766229281630 1.0003057718276978 1711
1766229281640 0.9868718385696411 1712
1766229281650 0.9621890783309937 1713
1766229281660 0.9849948883056641 1714
1766229281670 0.9640063047409058 1715
1766229281680 0.9846488237380981 1716
1766229281690 0.9741450548171997 1717
1766229281700 1.0121374130249023 1718
1766229281710 1.0139837265014648 1719
1766229281722 0.9966513514518738 1720
1766229282396 0.9886398315429688 1721
1766229282406 1.012094259262085 1722
1766229282417 1.003869652748108 1723
1766229282427 0.9927288293838501 1724
1766229282438 1.004506230354309 1725
1766229282448 0.9723193645477295 1726
1766229282459 1.0006932020187378 1727
1766229282470 0.9853070974349976 1728
1766229282480 0.9968910217285156 1729
1766229282490 0.9924854636192322 1730
1766229282500 0.994817852973938 1731
1766229282510 0.9906377792358398 1732
1766229282520 0.9879769682884216 1733
1766229282530 1.034967303276062 1734
1766229282540 0.9857908487319946 1735
1766229282551 1.000147819519043 1736
1766229282561 1.0070685148239136 1737
1766229282571 0.9894208908081055 1738
1766229282582 0.9984898567199707 1739
1766229282593 0.9973158240318298 1740
1766229283265 0.9956086277961731 1741
1766229283277 0.9888416528701782 1742
1766229283287 0.994155764579773 1743
1766229283297 1.0125141143798828 1744
1766229283308 0.982025682926178 1745
1766229283319 0.9976150989532471 1746
1766229283329 0.9863262176513672 1747
1766229283339 1.0016121864318848 1748
1766229283349 1.0102459192276 1749
1766229283359 0.9870812892913818 1750
1766229283370 1.0120638608932495 1751
1766229283381 0.9983559250831604 1752
1766229283391 1.0110845565795898 1753
1766229283402 1.000727653503418 1754
1766229283413 0.9941471815109253 1755
1766229283426 1.0035558938980103 1756
1766229283438 0.9733346700668335 1757
1766229283448 1.0126330852508545 1758
1766229283459 1.0017061233520508 1759
1766229283471 0.9994343519210815 1760
1766229284142 0.9954931139945984 1761
1766229284152 0.9540733695030212 1762
1766229284163 0.997088611125946 1763
1766229284174 0.9942769408226013 1764
1766229284184 0.9923620820045471 1765
1766229284194 1.0065900087356567 1766
1766229284205 0.9681290984153748 1767
1766229284217 0.9991437196731567 1768
1766229284227 0.9966559410095215 1769
1766229284237 1.0089316368103027 1770
1766229284248 1.010509967803955 1771
1766229284259 0.9930815696716309 1772
1766229284270 0.9995183944702148 1773
1766229284282 0.9903479218482971 1774
1766229284292 0.9631218910217285 1775
1766229284302 1.0221774578094482 1776
1766229284313 0.9935712218284607 1777
1766229284324 1.0050053596496582 1778
1766229284336 0.9845033288002014 1779
1766229284346 1.000438928604126 1780
1766229285073 0.9869478344917297 1781
1766229285083 1.0069794654846191 1782
1766229285093 1.0061757564544678 1783
1766229285103 0.9964619874954224 1784
1766229285113 0.9922202229499817 1785
1766229285124 1.0019623041152954 1786
1766229285133 0.9995063543319702 1787
1766229285144 0.9919577240943909 1788
1766229285154 1.0009567737579346 1789
1766229285164 0.9921789765357971 1790
1766229285176 1.010881781578064 1791
1766229285187 1.0053991079330444 1792
1766229285197 1.0031026601791382 1793
1766229285208 0.9979273080825806 1794
1766229285218 0.9985843896865845 1795
1766229285229 0.9968931674957275 1796
1766229285241 0.9734034538269043 1797
1766229285252 1.0048255920410156 1798
1766229285264 1.0070075988769531 1799
1766229285275 0.9785662889480591 1800
1766229285939 0.9840431213378906 1801
1766229285951 1.0068966150283813 1802
1766229285961 0.9874984622001648 1803
1766229285973 0.9902239441871643 1804
1766229285984 0.991599977016449 1805
1766229285994 0.9976197481155396 1806
1766229286006 0.9839497804641724 1807
1766229286016 1.014963150024414 1808
1766229286028 0.9841762781143188 1809
1766229286040 0.9779572486877441 1810
1766229286050 0.9972606897354126 1811
1766229286061 0.9961822032928467 1812
1766229286074 1.0170903205871582 1813
1766229286086 0.9966773986816406 1814
1766229286097 0.9868515133857727 1815
1766229286107 1.0055642127990723 1816
1766229286117 0.9967167377471924 1817
1766229286128 0.9840785264968872 1818
1766229286141 0.9893593788146973 1819
1766229286153 0.9863557815551758 1820
1766229286806 0.9980695247650146 1821
1766229286817 1.0102331638336182 1822
1766229286829 1.0009114742279053 1823
1766229286839 0.9813709259033203 1824
1766229286849 0.9854562282562256 1825
1766229286859 1.0148990154266357 1826
1766229286869 0.9948427677154541 1827
1766229286879 0.9892321825027466 1828
1766229286889 0.9796669483184814 1829
1766229286898 1.0096805095672607 1830
1766229286909 0.9817589521408081 1831
1766229286919 0.9936224818229675 1832
1766229286929 0.9840810298919678 1833
1766229286939 1.0001006126403809 1834
1766229286950 1.0028352737426758 1835
1766229286960 0.9902251958847046 1836
1766229286970 0.9817401170730591 1837
1766229286980 1.004331350326538 1838
1766229286990 1.013728380203247 1839
1766229287001 0.9747887849807739 1840
1766229287661 1.015085220336914 1841
1766229287671 1.0016720294952393 1842
1766229287682 1.0091471672058105 1843
1766229287694 0.9931117296218872 1844
1766229287704 1.0108811855316162 1845
1766229287715 0.9864645600318909 1846
1766229287726 0.9858741760253906 1847
1766229287737 0.9787982702255249 1848
1766229287747 0.9796234369277954 1849
1766229287757 0.9835709929466248 1850
1766229287768 1.0172600746154785 1851
1766229287779 1.0253907442092896 1852
1766229287791 0.9881868958473206 1853
1766229287802 1.025512456893921 1854
1766229287813 0.9791098237037659 1855
1766229287825 0.9879047870635986 1856
1766229287837 1.009615421295166 1857
1766229287848 1.0100903511047363 1858
1766229287858 0.9745670557022095 1859
1766229287869 0.9926855564117432 1860
1766229288575 0.9825667142868042 1861
1766229288585 1.005473017692566 1862
1766229288596 1.0093247890472412 1863
1766229288608 1.0012190341949463 1864
1766229288619 0.9838486909866333 1865
1766229288631 1.0046273469924927 1866
1766229288643 0.9754629135131836 1867
1766229288654 0.9819512963294983 1868
1766229288664 0.9930009841918945 1869
1766229288674 0.991248607635498 1870
1766229288685 1.0049948692321777 1871
1766229288696 0.9986634850502014 1872
1766229288707 1.02193021774292 1873
1766229288718 0.9901081323623657 1874
1766229288729 0.9608733057975769 1875
1766229288739 0.9836509227752686 1876
1766229288749 1.014966368675232 1877
1766229288763 0.9936268329620361 1878
1766229288774 0.9859644770622253 1879
1766229288785 0.9728216528892517 1880
1766229289430 0.9865613579750061 1881
1766229289441 1.0035165548324585 1882
1766229289451 1.0108526945114136 1883
1766229289461 1.0065338611602783 1884
1766229289471 0.9952213764190674 1885
1766229289482 0.9978265166282654 1886
1766229289492 0.9856367111206055 1887
1766229289503 0.9940913915634155 1888
1766229289513 0.9796941876411438 1889
1766229289522 0.9887346625328064 1890
1766229289532 0.9883258938789368 1891
1766229289542 0.9716997146606445 1892
1766229289552 0.9870367646217346 1893
1766229289564 0.9974716901779175 1894
1766229289574 1.0188204050064087 1895
1766229289584 0.9972628951072693 1896
1766229289593 1.0129108428955078 1897
1766229289605 0.978922963142395 1898
1766229289615 1.004500150680542 1899
1766229289625 0.9977467060089111 1900
1766229290273 0.9964585900306702 1901
1766229290283 0.9910321235656738 1902
1766229290293 1.0062589645385742 1903
1766229290303 0.9915712475776672 1904
1766229290315 0.9719065427780151 1905
1766229290326 0.9997960925102234 1906
1766229290336 1.0006473064422607 1907
1766229290347 0.97333824634552 1908
1766229290357 0.9848189353942871 1909
1766229290368 1.0188261270523071 1910
1766229290378 1.006279706954956 1911
1766229290388 0.9876194596290588 1912
1766229290398 1.0140540599822998 1913
1766229290408 0.9831052422523499 1914
1766229290419 1.0026929378509521 1915
1766229290429 0.9978563785552979 1916
1766229290441 0.9811598062515259 1917
1766229290452 0.9955826997756958 1918
1766229290463 0.9783100485801697 1919
1766229290473 0.9992512464523315 1920
1766229291119 0.9935617446899414 1921
1766229291127 0.9819226861000061 1922
1766229291134 1.0286768674850464 1923
1766229291144 0.9989535808563232 1924
1766229291152 1.0030006170272827 1925
1766229291160 0.9992921948432922 1926
1766229291168 0.97796630859375 1927
1766229291178 0.9834576845169067 1928
1766229291188 1.030029535293579 1929
1766229291194 0.9989018440246582 1930
1766229291201 0.9950989484786987 1931
1766229291207 0.9959531426429749 1932
1766229291213 1.0261781215667725 1933
1766229291221 0.9991083145141602 1934
1766229291231 0.9913901090621948 1935
1766229291241 1.001876711845398 1936
1766229291248 0.9662028551101685 1937
1766229291255 0.9918020963668823 1938
1766229291263 0.9973630309104919 1939
1766229291270 0.9776003360748291 1940
1766229291847 0.982784628868103 1941
1766229291858 1.0219833850860596 1942
1766229291869 0.9970257878303528 1943
1766229291881 0.9800077676773071 1944
1766229291891 1.0080986022949219 1945
1766229291900 1.008217215538025 1946
1766229291910 1.000319480895996 1947
1766229291920 1.0027263164520264 1948
1766229291932 1.0098681449890137 1949
1766229291943 0.9868000745773315 1950
1766229291953 0.9758244752883911 1951
1766229291964 1.009609341621399 1952
1766229291975 0.9858335256576538 1953
1766229291986 0.9869545698165894 1954
1766229291998 0.9939321875572205 1955
1766229292008 1.0067620277404785 1956
1766229292019 0.9954686164855957 1957
1766229292030 0.9987071752548218 1958
1766229292042 0.9823794960975647 1959
1766229292053 0.9938979744911194 1960
1766229292724 0.9733284711837769 1961
1766229292735 1.0101975202560425 1962
1766229292745 0.985248327255249 1963
1766229292755 1.0011895895004272 1964
1766229292765 0.9827066659927368 1965
1766229292775 0.9906370639801025 1966
1766229292785 0.993820309638977 1967
1766229292795 1.0098785161972046 1968
1766229292805 0.9649951457977295 1969
1766229292815 0.9867193698883057 1970
1766229292826 0.9861035346984863 1971
1766229292839 1.0010194778442383 1972
1766229292850 1.0118646621704102 1973
1766229292861 0.9937744736671448 1974
1766229292878 0.992226243019104 1975
1766229292888 1.0121811628341675 1976
1766229292899 1.0122156143188477 1977
1766229292911 1.0146042108535767 1978
1766229292922 1.0048905611038208 1979
1766229292932 0.9990589022636414 1980
1766229293655 1.0137064456939697 1981
1766229293665 0.9790278673171997 1982
1766229293675 1.010827898979187 1983
1766229293685 1.0022414922714233 1984
1766229293695 1.0218933820724487 1985
1766229293705 0.9872021079063416 1986
1766229293716 0.9988161325454712 1987
1766229293727 0.9982240200042725 1988
1766229293737 1.0105290412902832 1989
1766229293750 1.0048329830169678 1990
1766229293761 0.9656367301940918 1991
1766229293773 1.0015045404434204 1992
1766229293786 0.9870263934135437 1993
1766229293798 0.987771213054657 1994
1766229293809 0.980828583240509 1995
1766229293820 1.0214154720306396 1996
1766229293831 0.9945181608200073 1997
1766229293845 1.0148208141326904 1998
1766229293857 1.0045228004455566 1999
1766229293869 1.0070297718048096 2000
1766229294537 0.9918964505195618 2001
1766229294548 0.9834793210029602 2002
1766229294559 1.0190820693969727 2003
1766229294570 1.0097761154174805 2004
1766229294583 0.9735722541809082 2005
1766229294595 0.9826126098632812 2006
1766229294608 1.0053718090057373 2007
1766229294620 0.9686881303787231 2008
1766229294638 0.9865341782569885 2009
1766229294649 1.0091204643249512 2010
1766229294665 0.9971153140068054 2011
1766229294677 1.038503885269165 2012
1766229294692 0.9944613575935364 2013
1766229294703 1.006069302558899 2014
1766229294715 0.9961274862289429 2015
1766229294726 1.000659465789795 2016
1766229294737 0.980079174041748 2017
1766229294748 0.9943477511405945 2018
1766229294760 1.0123424530029297 2019
1766229294773 1.0023175477981567 2020
1766229295429 0.9890233278274536 2021
1766229295440 0.9928662776947021 2022
1766229295450 0.9892929792404175 2023
1766229295461 1.0172302722930908 2024
1766229295471 0.9630203247070312 2025
1766229295482 0.9979982376098633 2026
1766229295492 0.9962669014930725 2027
1766229295502 0.9809422492980957 2028
1766229295513 0.9993128776550293 2029
1766229295523 1.0021822452545166 2030
1766229295533 1.0170509815216064 2031
1766229295544 0.9962396025657654 2032
1766229295554 1.0017979145050049 2033
1766229295565 0.9717766046524048 2034
1766229295575 1.00143563747406 2035
1766229295586 0.9758790731430054 2036
1766229295597 0.9840787649154663 2037
1766229295607 1.0192675590515137 2038
1766229295618 1.0040230751037598 2039
1766229295631 0.9909440279006958 2040
1766229296279 1.0115540027618408 2041
1766229296290 1.0056474208831787 2042
1766229296301 1.0019643306732178 2043
1766229296311 1.0066229104995728 2044
1766229296321 1.011304259300232 2045
1766229296331 0.9826010465621948 2046
1766229296342 0.9974626898765564 2047
1766229296353 1.0032360553741455 2048
1766229296365 0.9836554527282715 2049
1766229296375 1.009096622467041 2050
1766229296385 0.9907413125038147 2051
1766229296396 0.9871128797531128 2052
1766229296407 0.9946427345275879 2053
1766229296417 0.9957526922225952 2054
1766229296430 0.9886571168899536 2055
1766229296440 1.0233843326568604 2056
1766229296450 0.9673875570297241 2057
1766229296460 0.9866501092910767 2058
1766229296471 0.9694578647613525 2059
1766229296481 0.9917382597923279 2060
1766229297124 0.992280900478363 2061
1766229297132 0.9937041997909546 2062
1766229297138 0.985427975654602 2063
1766229297145 0.9875295162200928 2064
1766229297154 0.9829549789428711 2065
1766229297164 1.0058047771453857 2066
1766229297174 0.980323851108551 2067
1766229297184 1.016327142715454 2068
1766229297191 0.9980183839797974 2069
1766229297197 0.9895860552787781 2070
1766229297205 1.0049079656600952 2071
1766229297211 1.0021748542785645 2072
1766229297218 0.9749624729156494 2073
1766229297229 0.9967766404151917 2074
1766229297236 0.9796425104141235 2075
1766229297243 0.9733260273933411 2076
1766229297250 0.9881715774536133 2077
1766229297259 1.0049889087677002 2078
1766229297270 0.976412296295166 2079
1766229297279 1.0028225183486938 2080
1766229297865 1.008893609046936 2081
1766229297877 0.981695294380188 2082
1766229297889 1.0021436214447021 2083
1766229297901 0.9936763644218445 2084
1766229297915 0.9996322393417358 2085
1766229297927 1.0043034553527832 2086
1766229297938 1.0143249034881592 2087
1766229297949 0.984330952167511 2088
1766229297959 0.9923322200775146 2089
1766229297969 1.0045461654663086 2090
1766229297979 0.9870705604553223 2091
1766229297990 0.9825948476791382 2092
1766229298002 1.0014822483062744 2093
1766229298014 1.0100724697113037 2094
1766229298024 0.9856604933738708 2095
1766229298034 1.0027129650115967 2096
1766229298045 1.0084394216537476 2097
1766229298059 0.9889212250709534 2098
1766229298070 1.014674425125122 2099
1766229298080 0.984203040599823 2100
1766229298744 0.9886471033096313 2101
1766229298755 0.9774492979049683 2102
1766229298766 0.9699513912200928 2103
1766229298778 0.981797993183136 2104
1766229298789 0.9961553812026978 2105
1766229298804 0.9959180355072021 2106
1766229298815 1.0008808374404907 2107
1766229298826 0.9845226407051086 2108
1766229298837 0.9983631372451782 2109
1766229298847 0.9916654825210571 2110
1766229298859 0.9675888419151306 2111
1766229298871 0.9937969446182251 2112
1766229298883 0.983744740486145 2113
1766229298895 1.004517674446106 2114
1766229298905 0.9992785453796387 2115
1766229298915 0.9932252168655396 2116
1766229298927 0.9928317666053772 2117
1766229298937 1.0000357627868652 2118
1766229298948 0.9869704246520996 2119
1766229298959 0.9986060857772827 2120
1766229299626 1.0143139362335205 2121
1766229299637 1.0046412944793701 2122
1766229299648 1.0064048767089844 2123
1766229299660 0.9819720983505249 2124
1766229299671 1.0019537210464478 2125
1766229299682 0.9815894365310669 2126
1766229299693 0.9816403388977051 2127
1766229299704 0.9901878237724304 2128
1766229299715 0.9559415578842163 2129
1766229299725 0.9979156851768494 2130
1766229299736 0.9925840497016907 2131
1766229299747 1.0166126489639282 2132
1766229299758 0.9742317199707031 2133
1766229299769 1.0118176937103271 2134
1766229299780 0.9786718487739563 2135
1766229299791 0.9816204309463501 2136
1766229299801 1.018648624420166 2137
1766229299813 1.007877230644226 2138
1766229299824 1.026475191116333 2139
1766229299834 1.0071158409118652 2140
1766229300493 1.0088685750961304 2141
1766229300504 1.0023895502090454 2142
1766229300515 0.9910889863967896 2143
1766229300525 0.9788255095481873 2144
1766229300534 1.0039043426513672 2145
1766229300545 0.973655104637146 2146
1766229300555 0.9921579360961914 2147
1766229300564 0.9912254810333252 2148
1766229300574 1.0257409811019897 2149
1766229300584 0.986624002456665 2150
1766229300594 1.0059157609939575 2151
1766229300605 0.9922047257423401 2152
1766229300615 0.9953934550285339 2153
1766229300626 0.9922083020210266 2154
1766229300637 1.0131510496139526 2155
1766229300647 0.9771503210067749 2156
1766229300657 1.012961506843567 2157
1766229300668 0.993575930595398 2158
1766229300679 1.0011035203933716 2159
1766229300690 0.9759540557861328 2160
1766229301358 1.012466311454773 2161
1766229301368 0.9812800884246826 2162
1766229301379 1.0066505670547485 2163
1766229301392 1.0000996589660645 2164
1766229301404 0.9972720146179199 2165
1766229301415 0.9941586256027222 2166
1766229301427 1.0169732570648193 2167
1766229301439 0.9710679054260254 2168
1766229301451 0.9650769233703613 2169
1766229301463 0.9872360229492188 2170
1766229301475 0.9825878143310547 2171
1766229301486 0.9883201122283936 2172
1766229301496 0.9757557511329651 2173
1766229301506 0.9966452121734619 2174
1766229301516 0.9953364729881287 2175
1766229301527 1.0033533573150635 2176
1766229301537 0.9895763397216797 2177
1766229301547 0.9985916018486023 2178
1766229301557 0.9888558387756348 2179
1766229301567 1.0210719108581543 2180
1766229302211 1.003395676612854 2181
1766229302218 0.9980177879333496 2182
1766229302224 0.9849659204483032 2183
1766229302230 0.9804389476776123 2184
1766229302236 1.0125396251678467 2185
1766229302244 0.9950843453407288 2186
1766229302254 0.9811687469482422 2187
1766229302260 0.9818476438522339 2188
1766229302268 0.9852837920188904 2189
1766229302275 1.0124223232269287 2190
1766229302285 1.0004760026931763 2191
1766229302293 0.9874004125595093 2192
1766229302299 0.9857132434844971 2193
1766229302306 0.9967015981674194 2194
1766229302316 1.0084213018417358 2195
1766229302329 0.9902077913284302 2196
1766229302339 1.0013482570648193 2197
1766229302348 0.9806927442550659 2198
1766229302355 1.017568588256836 2199
1766229302365 0.9963103532791138 2200
1766229302910 1.0000680685043335 2201
1766229302917 1.0266616344451904 2202
1766229302923 0.9833965301513672 2203
1766229302930 1.0024915933609009 2204
1766229302940 0.999468207359314 2205
1766229302951 0.9789851903915405 2206
1766229302961 0.9879053831100464 2207
1766229302968 1.0147911310195923 2208
1766229302975 0.9885637760162354 2209
1766229302982 0.9847326278686523 2210
1766229302991 1.0154271125793457 2211
1766229303001 0.9911854267120361 2212
1766229303010 0.9901161193847656 2213
1766229303016 0.9964830279350281 2214
1766229303026 0.9958372712135315 2215
1766229303035 0.976794958114624 2216
1766229303043 1.0038559436798096 2217
1766229303051 1.0112059116363525 2218
1766229303061 0.9885884523391724 2219
1766229303070 0.9905791282653809 2220
1766229303649 0.9859398603439331 2221
1766229303661 1.0217761993408203 2222
1766229303673 0.9972696304321289 2223
1766229303685 1.0156441926956177 2224
1766229303698 0.976377546787262 2225
1766229303709 1.0016010999679565 2226
1766229303724 0.9918445944786072 2227
1766229303736 1.0058794021606445 2228
1766229303746 0.9938409924507141 2229
1766229303757 0.9889285564422607 2230
1766229303768 0.98366779088974 2231
1766229303780 0.9905329346656799 2232
1766229303799 0.991152286529541 2233
1766229303811 1.009244680404663 2234
1766229303823 1.0231525897979736 2235
1766229303834 0.9899210929870605 2236
1766229303844 0.9903769493103027 2237
1766229303856 0.9725993871688843 2238
1766229303867 0.9944435358047485 2239
1766229303877 1.0027766227722168 2240
1766229304586 1.0052523612976074 2241
1766229304596 1.0121734142303467 2242
1766229304610 0.9997588396072388 2243
1766229304620 0.9814391732215881 2244
1766229304632 0.9866930246353149 2245
1766229304645 0.9845001697540283 2246
1766229304657 1.0055919885635376 2247
1766229304668 0.9803265333175659 2248
1766229304680 0.989715576171875 2249
1766229304691 1.001680850982666 2250
1766229304703 0.9768822193145752 2251
1766229304714 0.9896430373191833 2252
1766229304725 1.0036752223968506 2253
1766229304737 1.02385413646698 2254
1766229304750 0.9960628747940063 2255
1766229304762 0.978377103805542 2256
1766229304773 0.9846466183662415 2257
1766229304785 0.988413393497467 2258
1766229304797 1.0025759935379028 2259
1766229304808 1.0035779476165771 2260
1766229305490 0.9886801242828369 2261
1766229305500 0.9920217990875244 2262
1766229305511 1.004363775253296 2263
1766229305522 1.0050272941589355 2264
1766229305532 0.9918509721755981 2265
1766229305544 0.9830845594406128 2266
1766229305555 0.9993800520896912 2267
1766229305566 0.9617710113525391 2268
1766229305576 0.9977933168411255 2269
1766229305586 0.990750789642334 2270
1766229305597 1.0027446746826172 2271
1766229305607 0.9790731072425842 2272
1766229305618 0.9800611138343811 2273
1766229305628 0.9807995557785034 2274
1766229305638 1.0160558223724365 2275
1766229305648 1.0083119869232178 2276
1766229305660 0.9946508407592773 2277
1766229305670 0.9774971008300781 2278
1766229305680 1.014215350151062 2279
1766229305690 0.9913720488548279 2280
1766229306354 1.002554178237915 2281
1766229306368 0.9865743517875671 2282
1766229306379 1.010385513305664 2283
1766229306389 0.9758138060569763 2284
1766229306401 0.968491792678833 2285
1766229306411 0.9976944923400879 2286
1766229306423 0.979271411895752 2287
1766229306433 0.9997211694717407 2288
1766229306444 0.9716683626174927 2289
1766229306454 0.9820784330368042 2290
1766229306464 1.0030893087387085 2291
1766229306474 1.0055015087127686 2292
1766229306485 0.980355441570282 2293
1766229306495 1.0016803741455078 2294
1766229306506 0.9938725233078003 2295
1766229306517 0.9835880994796753 2296
1766229306527 0.9790148735046387 2297
1766229306539 0.9881163835525513 2298
1766229306549 1.0005518198013306 2299
1766229306559 1.000821828842163 2300
1766229307202 0.9924132823944092 2301
1766229307208 0.9659425020217896 2302
1766229307215 0.9885958433151245 2303
1766229307221 0.9812526702880859 2304
1766229307230 0.9709411859512329 2305
1766229307239 0.9942683577537537 2306
1766229307246 0.9896739721298218 2307
1766229307252 1.0058872699737549 2308
1766229307258 1.0097919702529907 2309
1766229307264 0.9937713742256165 2310
1766229307271 0.9933180212974548 2311
1766229307277 0.9718550443649292 2312
1766229307283 0.9800747632980347 2313
1766229307293 1.0023572444915771 2314
1766229307301 0.9920408725738525 2315
1766229307308 0.9989636540412903 2316
1766229307314 0.9931473135948181 2317
1766229307324 0.9716185331344604 2318
1766229307333 1.0062079429626465 2319
1766229307340 0.9974846839904785 2320
1766229307875 0.9726115465164185 2321
1766229307881 0.9803903102874756 2322
1766229307887 1.0344804525375366 2323
1766229307894 1.0121129751205444 2324
1766229307904 0.9935405850410461 2325
1766229307910 0.9898670315742493 2326
1766229307917 1.0093802213668823 2327
1766229307923 0.991531252861023 2328
1766229307931 0.994609534740448 2329
1766229307938 0.9632300734519958 2330
1766229307949 0.9738987684249878 2331
1766229307959 0.9977173805236816 2332
1766229307970 0.9720584154129028 2333
1766229307977 1.006194829940796 2334
1766229307985 1.0197124481201172 2335
1766229307993 0.9999143481254578 2336
1766229308003 0.9977824687957764 2337
1766229308012 0.9935813546180725 2338
1766229308020 1.0082299709320068 2339
1766229308030 0.9987297058105469 2340
1766229308611 0.975935697555542 2341
1766229308622 0.9836670160293579 2342
1766229308632 0.9871358871459961 2343
1766229308644 1.011017918586731 2344
1766229308654 0.9928306937217712 2345
1766229308665 0.9959197044372559 2346
1766229308678 0.9967306852340698 2347
1766229308688 0.9807495474815369 2348
1766229308698 0.9860219359397888 2349
1766229308707 0.9835725426673889 2350
1766229308718 0.9818824529647827 2351
1766229308731 1.0011487007141113 2352
1766229308742 1.0097135305404663 2353
1766229308753 1.001866340637207 2354
1766229308764 1.0022928714752197 2355
1766229308776 1.0128382444381714 2356
1766229308787 0.9914053678512573 2357
1766229308799 1.0006855726242065 2358
1766229308811 0.9811309576034546 2359
1766229308821 0.9816946387290955 2360
1766229309503 1.0044128894805908 2361
1766229309513 0.9985955357551575 2362
1766229309524 0.994993269443512 2363
1766229309535 0.9857491254806519 2364
1766229309546 0.9928808212280273 2365
1766229309558 0.9957574605941772 2366
1766229309570 1.013153076171875 2367
1766229309581 0.9713917970657349 2368
1766229309593 0.9885036945343018 2369
1766229309604 0.9696530103683472 2370
1766229309615 0.9901292324066162 2371
1766229309625 0.9879209995269775 2372
1766229309637 0.9889719486236572 2373
1766229309648 1.0000226497650146 2374
1766229309658 0.9729769229888916 2375
1766229309670 0.9831250309944153 2376
1766229309680 1.0057094097137451 2377
1766229309691 1.0014793872833252 2378
1766229309701 0.9756931066513062 2379
1766229309711 0.9872182607650757 2380
1766229310380 1.0126311779022217 2381
1766229310391 0.9995028972625732 2382
1766229310401 1.0048835277557373 2383
1766229310412 0.9958544373512268 2384
1766229310422 1.0108959674835205 2385
1766229310439 1.002350091934204 2386
1766229310449 1.0050482749938965 2387
1766229310460 1.0095149278640747 2388
1766229310470 0.9989641308784485 2389
1766229310482 0.9697019457817078 2390
1766229310493 0.9976217150688171 2391
1766229310505 0.9864057302474976 2392
1766229310515 0.9857735633850098 2393
1766229310529 0.9927508234977722 2394
1766229310539 1.0060319900512695 2395
1766229310550 0.9903777241706848 2396
1766229310563 0.9975253343582153 2397
1766229310574 1.002259373664856 2398
1766229310584 0.9903863668441772 2399
1766229310595 1.0210171937942505 2400
1766229311275 1.011864185333252 2401
1766229311285 1.029820203781128 2402
1766229311294 1.0322134494781494 2403
1766229311304 0.9956294894218445 2404
1766229311315 0.9840162992477417 2405
1766229311325 0.9700407981872559 2406
1766229311335 1.0043132305145264 2407
1766229311345 1.0049970149993896 2408
1766229311356 0.9877453446388245 2409
1766229311366 0.9818828105926514 2410
1766229311377 0.9941651225090027 2411
1766229311387 0.9816323518753052 2412
1766229311397 0.9978016018867493 2413
1766229311407 0.9899756908416748 2414
1766229311417 0.9726765155792236 2415
1766229311427 1.0136253833770752 2416
1766229311437 0.9934237599372864 2417
1766229311447 0.9879083633422852 2418
1766229311458 1.0155231952667236 2419
1766229311468 0.9686380624771118 2420
1766229312105 0.9926523566246033 2421
1766229312115 0.9897370338439941 2422
1766229312125 1.0230064392089844 2423
1766229312135 1.007068157196045 2424
1766229312144 0.9710648059844971 2425
1766229312156 0.9702953100204468 2426
1766229312167 1.023323893547058 2427
1766229312178 0.9867368936538696 2428
1766229312188 0.9921709895133972 2429
1766229312198 1.0013000965118408 2430
1766229312208 0.9870853424072266 2431
1766229312221 0.9900422096252441 2432
1766229312232 0.9691442251205444 2433
1766229312242 0.9779024720191956 2434
1766229312253 1.0031888484954834 2435
1766229312263 1.0069271326065063 2436
1766229312274 0.9749405384063721 2437
1766229312295 1.0087398290634155 2438
1766229312307 0.9849768877029419 2439
1766229312321 0.9835227727890015 2440
1766229312994 0.984359860420227 2441
1766229313004 0.9983861446380615 2442
1766229313014 0.9774425029754639 2443
1766229313024 1.004245400428772 2444
1766229313034 0.9956353902816772 2445
1766229313047 0.9935562014579773 2446
1766229313059 0.9990949630737305 2447
1766229313069 0.9788490533828735 2448
1766229313079 1.0175621509552002 2449
1766229313090 0.9928469657897949 2450
1766229313101 1.004030466079712 2451
1766229313111 0.983624279499054 2452
1766229313122 0.9847553372383118 2453
1766229313132 0.9766441583633423 2454
1766229313142 0.9899394512176514 2455
1766229313152 0.9968659281730652 2456
1766229313162 0.9950770139694214 2457
1766229313171 1.0075640678405762 2458
1766229313181 1.0141363143920898 2459
1766229313191 0.9974205493927002 2460
1766229313752 0.988815188407898 2461
1766229313758 1.0229859352111816 2462
1766229313765 1.0166997909545898 2463
1766229313775 0.9965216517448425 2464
1766229313784 0.9888148307800293 2465
1766229313790 0.9989191889762878 2466
1766229313796 0.9880591630935669 2467
1766229313802 0.9806928634643555 2468
1766229313810 1.0087295770645142 2469
1766229313819 0.9861693382263184 2470
1766229313829 0.9887118935585022 2471
1766229313835 0.9703618884086609 2472
1766229313842 0.9691615104675293 2473
1766229313850 0.9983130097389221 2474
1766229313856 1.0042189359664917 2475
1766229313865 0.9895704388618469 2476
1766229313876 0.9935649633407593 2477
1766229313887 0.9767223596572876 2478
1766229313894 0.9993929862976074 2479
1766229313901 1.0118374824523926 2480
1766229314461 0.9684901833534241 2481
1766229314471 1.003311276435852 2482
1766229314481 0.9952755570411682 2483
1766229314491 0.9981389045715332 2484
1766229314502 0.9870622158050537 2485
1766229314514 1.0086697340011597 2486
1766229314524 1.0098061561584473 2487
1766229314534 0.9948619604110718 2488
1766229314546 1.0007188320159912 2489
1766229314558 1.0035260915756226 2490
1766229314568 0.99688720703125 2491
1766229314580 1.0025534629821777 2492
1766229314591 0.9959908723831177 2493
1766229314602 0.9650391340255737 2494
1766229314614 1.023719072341919 2495
1766229314625 0.9895704984664917 2496
1766229314637 0.9819732308387756 2497
1766229314647 0.9707212448120117 2498
1766229314656 0.9952458143234253 2499
1766229314666 1.013310432434082 2500
1766229315364 0.9964490532875061 2501
1766229315375 1.0180866718292236 2502
1766229315385 0.9831776022911072 2503
1766229315397 1.0136775970458984 2504
1766229315406 0.9863318204879761 2505
1766229315416 1.011108160018921 2506
1766229315426 0.9915765523910522 2507
1766229315438 1.0091118812561035 2508
1766229315448 0.9734985828399658 2509
1766229315459 0.9931605458259583 2510
1766229315470 1.0134421586990356 2511
1766229315481 0.9998792409896851 2512
1766229315491 0.9849168062210083 2513
1766229315502 1.0048130750656128 2514
1766229315513 0.9806078672409058 2515
1766229315525 0.983841061592102 2516
1766229315537 1.0177816152572632 2517
1766229315547 0.9986838102340698 2518
1766229315559 1.0018701553344727 2519
1766229315570 0.9840092062950134 2520
1766229316220 0.9825631380081177 2521
1766229316231 1.0004868507385254 2522
1766229316241 1.0008206367492676 2523
1766229316253 0.988854706287384 2524
1766229316262 0.9830132722854614 2525
1766229316272 1.0024936199188232 2526
1766229316283 1.0024874210357666 2527
1766229316293 0.9729334115982056 2528
1766229316305 0.9881631135940552 2529
1766229316316 0.9954237937927246 2530
1766229316327 0.9982669353485107 2531
1766229316338 0.961695671081543 2532
1766229316348 0.9673877954483032 2533
1766229316360 1.011714220046997 2534
1766229316370 1.01674485206604 2535
1766229316381 1.0167042016983032 2536
1766229316392 0.9743536710739136 2537
1766229316402 0.9936023950576782 2538
1766229316413 0.9864819645881653 2539
1766229316423 1.0077571868896484 2540
1766229317062 0.9977396726608276 2541
1766229317072 0.9808945655822754 2542
1766229317082 0.974515438079834 2543
1766229317092 0.9795260429382324 2544
1766229317102 0.96475750207901 2545
1766229317112 0.9649945497512817 2546
1766229317122 1.0108613967895508 2547
1766229317131 1.001508116722107 2548
1766229317141 0.9952729940414429 2549
1766229317152 0.9818551540374756 2550
1766229317163 1.0046377182006836 2551
1766229317175 0.9830085635185242 2552
1766229317186 0.9708379507064819 2553
1766229317196 0.973432183265686 2554
1766229317208 0.997887372970581 2555
1766229317219 0.9927408695220947 2556
1766229317230 0.9891626834869385 2557
1766229317240 0.9793782234191895 2558
1766229317252 0.9777585864067078 2559
1766229317262 0.9985528588294983 2560
