1766220010380 -0.9935016632080078 0
1766220010382 -0.9904807209968567 1
1766220010383 -0.9897840023040771 2
1766220010384 -0.9875974655151367 3
1766220010384 -0.987082302570343 4
1766220010384 -0.9865649342536926 5
1766220010385 -0.9853387475013733 6
1766220010385 -0.9833548069000244 7
1766220010386 -0.981408953666687 8
1766220010386 -0.9806058406829834 9
1766220010387 -0.9788151979446411 10
1766220010387 -0.9762107729911804 11
1766220010388 -0.9744235873222351 12
1766220010388 -0.9725869297981262 13
1766220010388 -0.9713122248649597 14
1766220010389 -0.9676761627197266 15
1766220010390 -0.965474009513855 16
1766220010390 -0.9614263772964478 17
1766220010390 -0.9585046768188477 18
1766220010391 -0.9560365080833435 19
1766220010391 -0.9514949321746826 20
1766220010392 -0.9488934278488159 21
1766220010392 -0.947118878364563 22
1766220010392 -0.9412906765937805 23
1766220010393 -0.9379118084907532 24
1766220010393 -0.9351612329483032 25
1766220010393 -0.932121217250824 26
1766220010394 -0.9284509420394897 27
1766220010394 -0.9261788725852966 28
1766220010395 -0.9210065007209778 29
1766220010396 -0.9177391529083252 30
